area_name,area_code,population_max,population_max_0,population_max_1,population_max_2,population_max_3,population_max_4,population_max_5,population_max_6,population_max_7,population_max_8,population_max_9,population_max_10,population_man_max,population_man_0,population_man_1,population_man_2,population_man_3,population_man_4,population_man_5,population_man_6,population_man_7,population_man_8,population_man_9,population_man_10,population_woman_max,population_woman_0,population_woman_1,population_woman_2,population_woman_3,population_woman_4,population_woman_5,population_woman_6,population_woman_7,population_woman_8,population_woman_9,population_woman_10
서울특별시  ,1100000000,9520880,586559,758445,1426394,1440774,1483164,1507704,1285127,695892,293290,41521,2010,4624290,301243,388791,686810,719415,734754,742848,607002,316719,115686,10523,499,4896590,285316,369654,739584,721359,748410,764856,678125,379173,177604,30998,1511
서울특별시 종로구 ,1111000000,145073,7039,10465,22896,19473,21065,24982,20362,11659,6146,944,42,70393,3571,5195,11038,9695,10192,12572,10158,5191,2486,282,13,74680,3468,5270,11858,9778,10873,12410,10204,6468,3660,662,29
서울특별시 종로구 청운효자동,1111051500,12006,749,1151,1575,1583,2090,1923,1401,933,525,74,2,5542,386,612,777,734,921,876,628,369,216,23,0,6464,363,539,798,849,1169,1047,773,564,309,51,2
서울특별시 종로구 사직동,1111053000,9367,555,672,1199,1456,1476,1536,1205,706,476,85,1,4210,278,297,545,639,650,699,570,295,204,32,1,5157,277,375,654,817,826,837,635,411,272,53,0
서울특별시 종로구 삼청동,1111054000,2467,101,173,327,304,345,386,409,247,144,25,6,1177,46,99,167,140,166,197,189,114,47,11,1,1290,55,74,160,164,179,189,220,133,97,14,5
서울특별시 종로구 부암동,1111055000,9629,500,863,1236,1218,1563,1689,1350,741,391,74,4,4597,251,467,644,591,709,772,646,338,160,18,1,5032,249,396,592,627,854,917,704,403,231,56,3
서울특별시 종로구 평창동,1111056000,18152,1154,1585,2356,2182,2683,3259,2666,1303,799,158,7,8455,605,783,1171,1013,1205,1484,1251,585,320,35,3,9697,549,802,1185,1169,1478,1775,1415,718,479,123,4
서울특별시 종로구 무악동,1111057000,8292,652,990,904,903,1413,1429,1045,585,327,40,4,3857,297,447,426,407,665,736,487,248,129,13,2,4435,355,543,478,496,748,693,558,337,198,27,2
서울특별시 종로구 교남동,1111058000,10069,830,789,1209,1577,1796,1585,1176,724,338,41,4,4635,414,371,557,707,841,769,534,290,139,13,0,5434,416,418,652,870,955,816,642,434,199,28,4
서울특별시 종로구 가회동,1111060000,4127,184,320,478,541,701,716,572,388,193,32,2,1900,97,163,218,257,329,335,265,153,77,5,1,2227,87,157,260,284,372,381,307,235,116,27,1
서울특별시 종로구 종로1.2.3.4가동,1111061500,7174,179,228,925,931,914,1308,1412,804,403,67,3,4245,93,117,448,529,557,904,918,463,195,19,2,2929,86,111,477,402,357,404,494,341,208,48,1
서울특별시 종로구 종로5.6가동,1111063000,5127,94,222,1114,743,559,886,766,493,221,28,1,2743,46,105,532,438,325,514,442,234,100,7,0,2384,48,117,582,305,234,372,324,259,121,21,1
서울특별시 종로구 이화동,1111064000,7285,222,365,1612,1232,898,1097,943,564,308,40,4,3448,111,173,746,615,450,543,442,245,108,14,1,3837,111,192,866,617,448,554,501,319,200,26,3
서울특별시 종로구 혜화동,1111065000,16437,610,1302,4384,2031,2115,2382,1654,1177,672,107,3,7936,302,644,2173,1079,1012,1152,794,483,263,34,0,8501,308,658,2211,952,1103,1230,860,694,409,73,3
서울특별시 종로구 창신제1동,1111067000,4888,130,218,593,546,584,1002,1030,510,244,31,0,2623,62,118,312,325,299,571,586,249,92,9,0,2265,68,100,281,221,285,431,444,261,152,22,0
서울특별시 종로구 창신제2동,1111068000,7953,208,437,1123,910,982,1783,1389,761,322,38,0,4101,117,227,590,528,517,943,706,326,131,16,0,3852,91,210,533,382,465,840,683,435,191,22,0
서울특별시 종로구 창신제3동,1111069000,6618,366,477,907,929,888,1230,1046,506,234,34,1,3259,200,240,481,461,438,585,528,227,83,15,1,3359,166,237,426,468,450,645,518,279,151,19,0
서울특별시 종로구 숭인제1동,1111070000,5855,249,339,755,798,861,1148,930,498,243,34,0,2822,135,156,365,399,453,562,441,215,88,8,0,3033,114,183,390,399,408,586,489,283,155,26,0
서울특별시 종로구 숭인제2동,1111071000,9627,256,334,2199,1589,1197,1623,1368,719,306,36,0,4843,131,176,886,833,655,930,731,357,134,10,0,4784,125,158,1313,756,542,693,637,362,172,26,0
서울특별시 중구 ,1114000000,122673,6331,6508,18301,19935,17460,20067,18047,10236,4936,804,48,59743,3278,3220,8492,9942,8928,10167,9024,4638,1818,220,16,62930,3053,3288,9809,9993,8532,9900,9023,5598,3118,584,32
서울특별시 중구 소공동,1114052000,2251,172,125,251,496,509,306,239,103,41,8,1,1079,88,38,93,229,267,152,141,53,15,3,0,1172,84,87,158,267,242,154,98,50,26,5,1
서울특별시 중구 회현동,1114054000,4817,181,214,499,529,652,906,1032,520,231,52,1,2503,97,96,231,236,345,517,600,268,100,12,1,2314,84,118,268,293,307,389,432,252,131,40,0
서울특별시 중구 명동,1114055000,2867,80,128,376,400,411,482,517,303,137,30,3,1255,48,58,166,214,182,209,221,114,37,5,1,1612,32,70,210,186,229,273,296,189,100,25,2
서울특별시 중구 필동,1114057000,4022,169,192,726,679,453,591,606,352,195,50,9,2041,91,96,345,357,249,340,302,171,72,16,2,1981,78,96,381,322,204,251,304,181,123,34,7
서울특별시 중구 장충동,1114058000,4632,177,255,1219,676,570,607,538,359,201,29,1,2367,91,130,644,363,297,321,268,168,75,10,0,2265,86,125,575,313,273,286,270,191,126,19,1
서울특별시 중구 광희동,1114059000,5235,125,180,1055,895,623,799,846,497,187,26,2,2682,64,83,442,506,341,451,459,255,71,9,1,2553,61,97,613,389,282,348,387,242,116,17,1
서울특별시 중구 을지로동,1114060500,1753,35,37,225,321,192,284,393,171,79,16,0,1061,15,18,102,180,123,207,270,102,38,6,0,692,20,19,123,141,69,77,123,69,41,10,0
서울특별시 중구 신당동,1114061500,7653,255,277,1354,1356,1041,1308,1111,635,263,50,3,3773,108,122,600,668,573,704,582,299,103,11,3,3880,147,155,754,688,468,604,529,336,160,39,0
서울특별시 중구 다산동,1114062500,13838,510,784,2270,2198,1920,2264,2009,1231,564,85,3,6740,266,419,1109,1150,985,1088,934,558,208,23,0,7098,244,365,1161,1048,935,1176,1075,673,356,62,3
서울특별시 중구 약수동,1114063500,16730,994,936,2004,2343,2394,2770,2723,1576,843,144,3,7806,498,476,949,1111,1174,1307,1260,691,301,38,1,8924,496,460,1055,1232,1220,1463,1463,885,542,106,2
서울특별시 중구 청구동,1114064500,13607,717,834,1863,2124,1851,2297,2059,1140,635,85,2,6439,373,414,895,1060,906,1095,986,454,233,22,1,7168,344,420,968,1064,945,1202,1073,686,402,63,1
서울특별시 중구 신당제5동,1114065000,10382,546,529,1651,1696,1536,1836,1369,817,357,43,2,5052,278,253,744,855,789,964,676,350,127,16,0,5330,268,276,907,841,747,872,693,467,230,27,2
서울특별시 중구 동화동,1114066500,10294,656,812,1335,1297,1489,1919,1516,749,448,64,9,4978,372,400,650,626,721,932,768,335,153,18,3,5316,284,412,685,671,768,987,748,414,295,46,6
서울특별시 중구 황학동,1114067000,12569,736,479,2121,2818,1798,1784,1555,880,336,61,1,5990,384,237,864,1399,901,899,755,411,125,15,0,6579,352,242,1257,1419,897,885,800,469,211,46,1
서울특별시 중구 중림동,1114068000,12023,978,726,1352,2107,2021,1914,1534,903,419,61,8,5977,505,380,658,988,1075,981,802,409,160,16,3,6046,473,346,694,1119,946,933,732,494,259,45,5
서울특별시 용산구 ,1117000000,223442,12737,14737,32880,37791,33840,36206,29160,16040,8562,1413,76,107486,6560,7460,15498,18714,16680,17877,14053,7014,3183,425,22,115956,6177,7277,17382,19077,17160,18329,15107,9026,5379,988,54
서울특별시 용산구 후암동,1117051000,16865,880,1178,2395,2788,2600,2728,2283,1282,616,105,10,8220,448,647,1200,1455,1269,1343,1068,559,201,28,2,8645,432,531,1195,1333,1331,1385,1215,723,415,77,8
서울특별시 용산구 용산2가동,1117052000,9482,318,491,1472,1683,1304,1396,1410,883,448,75,2,4594,163,256,779,871,676,657,627,390,155,19,1,4888,155,235,693,812,628,739,783,493,293,56,1
서울특별시 용산구 남영동,1117053000,7357,177,254,946,1020,1035,1587,1385,620,284,44,5,4473,96,145,436,558,645,1109,967,361,142,13,1,2884,81,109,510,462,390,478,418,259,142,31,4
서울특별시 용산구 청파동,1117055500,19519,631,1052,4246,3225,2592,3065,2477,1434,700,94,3,9159,312,557,1687,1724,1302,1524,1162,593,274,23,1,10360,319,495,2559,1501,1290,1541,1315,841,426,71,2
서울특별시 용산구 원효로제1동,1117056000,15971,1261,909,2451,3631,2588,2227,1678,813,355,55,3,7587,621,479,1019,1712,1308,1103,814,371,144,15,1,8384,640,430,1432,1919,1280,1124,864,442,211,40,2
서울특별시 용산구 원효로제2동,1117057000,13769,847,1173,1857,2124,2167,2264,1776,974,518,67,2,6484,420,485,855,1068,1071,1104,849,445,168,19,0,7285,427,688,1002,1056,1096,1160,927,529,350,48,2
서울특별시 용산구 효창동,1117058000,10071,739,699,1536,1842,1534,1589,1095,642,342,49,4,4763,376,369,706,896,732,752,517,270,126,18,1,5308,363,330,830,946,802,837,578,372,216,31,3
서울특별시 용산구 용문동,1117059000,11900,717,721,1771,1981,1721,1985,1568,963,413,57,3,5695,359,366,867,967,859,983,715,403,162,13,1,6205,358,355,904,1014,862,1002,853,560,251,44,2
서울특별시 용산구 한강로동,1117062500,21791,1236,989,3734,4791,2873,3434,2651,1295,670,112,6,10326,655,516,1559,2262,1403,1658,1348,602,285,37,1,11465,581,473,2175,2529,1470,1776,1303,693,385,75,5
서울특별시 용산구 이촌제1동,1117063000,25976,2487,2729,2707,3227,4472,4372,2907,1656,1178,232,9,12151,1320,1365,1325,1394,2016,2104,1406,692,446,80,3,13825,1167,1364,1382,1833,2456,2268,1501,964,732,152,6
서울특별시 용산구 이촌제2동,1117064000,8339,519,503,853,1375,1222,1339,1377,719,365,66,1,3905,259,243,430,684,614,616,620,309,119,11,0,4434,260,260,423,691,608,723,757,410,246,55,1
서울특별시 용산구 이태원제1동,1117065000,6429,218,265,1059,1103,831,1030,1003,520,322,73,5,3144,106,132,563,604,423,491,468,212,122,22,1,3285,112,133,496,499,408,539,535,308,200,51,4
서울특별시 용산구 이태원제2동,1117066000,9018,399,466,1390,1651,1364,1269,1190,787,433,66,3,4148,201,210,681,801,656,581,513,330,152,23,0,4870,198,256,709,850,708,688,677,457,281,43,3
서울특별시 용산구 한남동,1117068500,20422,1127,1140,2614,3824,3272,3187,2831,1522,746,144,15,9865,604,562,1344,1837,1645,1537,1329,666,294,39,8,10557,523,578,1270,1987,1627,1650,1502,856,452,105,7
서울특별시 용산구 서빙고동,1117069000,13027,760,1425,1741,1468,2338,2293,1519,772,616,93,2,6244,388,713,866,735,1083,1131,759,319,213,36,1,6783,372,712,875,733,1255,1162,760,453,403,57,1
서울특별시 용산구 보광동,1117070000,13506,421,743,2108,2058,1927,2441,2010,1158,556,81,3,6728,232,415,1181,1146,978,1184,891,492,180,29,0,6778,189,328,927,912,949,1257,1119,666,376,52,3
서울특별시 성동구 ,1120000000,286599,19307,18960,43701,46926,43412,46281,37744,20106,8963,1146,53,139709,9864,9462,21509,23087,21764,22929,18441,8944,3399,292,18,146890,9443,9498,22192,23839,21648,23352,19303,11162,5564,854,35
서울특별시 성동구 왕십리제2동,1120052000,16462,1184,1102,2410,2859,2502,2658,2113,1115,458,59,2,7970,598,578,1128,1438,1240,1283,1018,480,189,17,1,8492,586,524,1282,1421,1262,1375,1095,635,269,42,1
서울특별시 성동구 왕십리도선동,1120053500,26456,2220,1588,4167,4532,3991,4356,3124,1585,786,106,1,12555,1157,806,1905,2093,1980,2074,1532,708,279,21,0,13901,1063,782,2262,2439,2011,2282,1592,877,507,85,1
서울특별시 성동구 마장동,1120054000,22421,1146,1557,4238,3218,2913,3642,3108,1715,771,109,4,11060,578,770,2151,1660,1479,1778,1540,771,306,27,0,11361,568,787,2087,1558,1434,1864,1568,944,465,82,4
서울특별시 성동구 사근동,1120055000,11992,399,702,4814,1579,1117,1305,981,725,335,33,2,6198,211,320,2622,895,599,631,467,305,137,11,0,5794,188,382,2192,684,518,674,514,420,198,22,2
서울특별시 성동구 행당제1동,1120056000,13924,946,988,2233,2250,2107,2253,1722,958,400,63,4,6708,477,468,1077,1116,1026,1077,862,428,157,19,1,7216,469,520,1156,1134,1081,1176,860,530,243,44,3
서울특별시 성동구 행당제2동,1120057000,23344,1723,2002,2845,3522,3829,3938,2893,1742,752,95,3,10935,850,907,1356,1664,1843,1921,1341,752,280,20,1,12409,873,1095,1489,1858,1986,2017,1552,990,472,75,2
서울특별시 성동구 응봉동,1120058000,15441,1137,1601,1725,2163,2835,2476,1751,1134,557,62,0,7362,583,795,847,1063,1350,1212,807,480,206,19,0,8079,554,806,878,1100,1485,1264,944,654,351,43,0
서울특별시 성동구 금호1가동,1120059000,15261,1228,1070,1707,2565,2519,2315,2166,1096,534,59,2,7276,618,553,845,1193,1281,1111,988,484,186,17,0,7985,610,517,862,1372,1238,1204,1178,612,348,42,2
서울특별시 성동구 금호2.3가동,1120061500,22752,1704,1381,2744,4036,3665,3636,3044,1668,763,104,7,10829,876,677,1395,1952,1802,1718,1406,713,259,28,3,11923,828,704,1349,2084,1863,1918,1638,955,504,76,4
서울특별시 성동구 금호4가동,1120062000,14338,1320,917,1438,2563,2544,2101,1864,1069,464,54,4,6823,669,475,718,1188,1276,1035,839,455,152,14,2,7515,651,442,720,1375,1268,1066,1025,614,312,40,2
서울특별시 성동구 옥수동,1120064500,26041,2476,1652,2749,4829,4465,3849,3393,1712,789,119,8,12107,1233,851,1261,2165,2183,1767,1549,751,314,30,3,13934,1243,801,1488,2664,2282,2082,1844,961,475,89,5
서울특별시 성동구 성수1가제1동,1120065000,16573,993,1082,2534,2864,2348,3060,2298,941,397,52,4,8284,548,555,1306,1422,1155,1537,1162,435,149,13,2,8289,445,527,1228,1442,1193,1523,1136,506,248,39,2
서울특별시 성동구 성수1가제2동,1120066000,12696,681,839,2029,2289,1935,1993,1674,865,350,41,0,6228,354,420,982,1136,937,1007,832,418,132,10,0,6468,327,419,1047,1153,998,986,842,447,218,31,0
서울특별시 성동구 성수2가제1동,1120067000,15858,762,829,2193,2499,2144,2937,2712,1224,497,55,6,8290,385,434,1147,1365,1144,1581,1442,570,210,10,2,7568,377,395,1046,1134,1000,1356,1270,654,287,45,4
서울특별시 성동구 성수2가제3동,1120069000,10827,560,503,1919,1879,1409,1752,1557,827,370,48,3,5449,287,261,895,966,722,927,830,392,148,19,2,5378,273,242,1024,913,687,825,727,435,222,29,1
서울특별시 성동구 송정동,1120072000,10510,477,557,1679,1578,1502,1916,1694,755,307,44,1,5554,254,300,862,869,830,1037,918,351,121,11,1,4956,223,257,817,709,672,879,776,404,186,33,0
서울특별시 성동구 용답동,1120079000,11703,351,590,2277,1701,1587,2094,1650,975,433,43,2,6081,186,292,1012,902,917,1233,908,451,174,6,0,5622,165,298,1265,799,670,861,742,524,259,37,2
서울특별시 광진구 ,1121500000,340339,17886,24899,61717,54722,50498,53833,44120,21959,9406,1238,61,164212,9204,12614,28888,27139,24872,26381,20977,10046,3745,330,16,176127,8682,12285,32829,27583,25626,27452,23143,11913,5661,908,45
서울특별시 광진구 화양동,1121571000,23020,356,708,10057,4505,2111,2066,1728,999,431,56,3,10978,177,326,4327,2359,1188,1116,822,464,183,16,0,12042,179,382,5730,2146,923,950,906,535,248,40,3
서울특별시 광진구 군자동,1121573000,19633,813,978,4493,3599,2517,2807,2485,1319,562,58,2,9716,423,512,2164,1827,1323,1423,1209,606,220,9,0,9917,390,466,2329,1772,1194,1384,1276,713,342,49,2
서울특별시 광진구 중곡제1동,1121574000,15497,700,713,2819,2954,2072,2457,2178,1129,428,46,1,7501,362,371,1231,1484,1080,1252,1006,522,186,6,1,7996,338,342,1588,1470,992,1205,1172,607,242,40,0
서울특별시 광진구 중곡제2동,1121575000,21476,1065,1326,3744,3874,2973,3451,2974,1461,533,73,2,10129,542,664,1632,1891,1467,1612,1394,686,228,11,2,11347,523,662,2112,1983,1506,1839,1580,775,305,62,0
서울특별시 광진구 중곡제3동,1121576000,16175,701,877,2600,2672,2188,2828,2456,1269,511,69,4,8020,387,443,1283,1411,1115,1395,1203,575,190,17,1,8155,314,434,1317,1261,1073,1433,1253,694,321,52,3
서울특별시 광진구 중곡제4동,1121577000,28609,1297,1839,4322,4199,3935,5218,4581,2282,828,100,8,14018,683,984,2152,2148,1995,2467,2177,1062,321,25,4,14591,614,855,2170,2051,1940,2751,2404,1220,507,75,4
서울특별시 광진구 능동,1121578000,11311,502,529,2318,2535,1603,1460,1291,723,310,38,2,5211,266,269,988,1154,818,667,582,325,126,16,0,6100,236,260,1330,1381,785,793,709,398,184,22,2
서울특별시 광진구 광장동,1121581000,34764,2965,5466,4024,3572,7386,5707,3204,1438,850,147,5,16818,1546,2797,2005,1557,3350,2921,1582,668,346,44,2,17946,1419,2669,2019,2015,4036,2786,1622,770,504,103,3
서울특별시 광진구 자양제1동,1121582000,22345,889,1480,4235,3710,3309,3558,2935,1499,654,75,1,10851,450,781,2021,1892,1659,1748,1372,636,269,23,0,11494,439,699,2214,1818,1650,1810,1563,863,385,52,1
서울특별시 광진구 자양제2동,1121583000,24684,1489,1779,3650,3711,3844,4105,3729,1649,634,90,4,11960,749,954,1781,1816,1892,1941,1790,761,251,24,1,12724,740,825,1869,1895,1952,2164,1939,888,383,66,3
서울특별시 광진구 자양제3동,1121584000,28123,2183,2554,3802,4082,4463,4687,3688,1624,898,139,3,13453,1097,1228,1904,1914,2111,2240,1814,745,350,49,1,14670,1086,1326,1898,2168,2352,2447,1874,879,548,90,2
서울특별시 광진구 자양제4동,1121584700,17908,684,852,2871,2764,2375,3014,3066,1579,629,72,2,8918,350,407,1404,1498,1241,1578,1469,713,241,16,1,8990,334,445,1467,1266,1134,1436,1597,866,388,56,1
서울특별시 광진구 구의제1동,1121585000,21594,775,1093,4661,4250,3105,3100,2552,1378,594,70,16,10275,399,537,2118,2116,1547,1506,1183,617,232,18,2,11319,376,556,2543,2134,1558,1594,1369,761,362,52,14
서울특별시 광진구 구의제2동,1121586000,26547,1686,2259,3661,3757,4231,4556,3610,1913,775,95,4,12803,877,1136,1806,1872,2059,2214,1632,880,307,20,0,13744,809,1123,1855,1885,2172,2342,1978,1033,468,75,4
서울특별시 광진구 구의제3동,1121587000,28653,1781,2446,4460,4538,4386,4819,3643,1697,769,110,4,13561,896,1205,2072,2200,2027,2301,1742,786,295,36,1,15092,885,1241,2388,2338,2359,2518,1901,911,474,74,3
서울특별시 동대문구 ,1123000000,337316,19577,22831,56335,48953,48970,52235,47462,27352,12078,1449,74,166591,10026,11576,27507,25164,25241,26492,23042,12367,4769,387,20,170725,9551,11255,28828,23789,23729,25743,24420,14985,7309,1062,54
서울특별시 동대문구 용신동,1123053600,30960,1194,1377,6187,5454,4102,4566,4310,2470,1165,128,7,15554,603,717,2813,2815,2237,2488,2225,1138,480,36,2,15406,591,660,3374,2639,1865,2078,2085,1332,685,92,5
서울특별시 동대문구 제기동,1123054500,24688,976,1352,4467,3227,2962,3803,3953,2580,1219,141,8,12655,494,711,2404,1774,1634,2019,1930,1171,476,40,2,12033,482,641,2063,1453,1328,1784,2023,1409,743,101,6
서울특별시 동대문구 전농제1동,1123056000,29298,1789,1825,4496,4109,4223,4811,4319,2474,1120,123,9,14677,926,912,2275,2075,2257,2478,2162,1120,446,25,1,14621,863,913,2221,2034,1966,2333,2157,1354,674,98,8
서울특별시 동대문구 전농제2동,1123057000,18636,1163,1676,2210,2194,2942,3206,2814,1564,779,85,3,8976,585,819,1129,1133,1412,1565,1296,675,332,29,1,9660,578,857,1081,1061,1530,1641,1518,889,447,56,2
서울특별시 동대문구 답십리제1동,1123060000,29068,2672,1981,4133,5192,4775,4249,3410,1743,805,99,9,14028,1360,1010,1879,2449,2467,2082,1674,782,296,28,1,15040,1312,971,2254,2743,2308,2167,1736,961,509,71,8
서울특별시 동대문구 답십리제2동,1123061000,28421,1793,1858,3560,4345,4083,4800,4350,2432,1071,127,2,13823,890,924,1795,2215,2058,2362,2053,1096,403,26,1,14598,903,934,1765,2130,2025,2438,2297,1336,668,101,1
서울특별시 동대문구 장안제1동,1123065000,38279,2358,2601,5298,6219,6216,5963,5576,2882,1032,127,7,18946,1222,1319,2476,3186,3235,2972,2690,1394,412,40,0,19333,1136,1282,2822,3033,2981,2991,2886,1488,620,87,7
서울특별시 동대문구 장안제2동,1123066000,32496,2729,2782,3809,4920,5682,4960,4404,2266,824,109,11,16220,1410,1504,1935,2467,2880,2486,2120,1066,322,25,5,16276,1319,1278,1874,2453,2802,2474,2284,1200,502,84,6
서울특별시 동대문구 청량리동,1123070500,18875,713,1038,2190,2106,2329,3234,3795,2290,1038,138,4,9386,365,547,1154,1139,1208,1644,1883,1016,394,36,0,9489,348,491,1036,967,1121,1590,1912,1274,644,102,4
서울특별시 동대문구 회기동,1123071000,10520,402,676,3356,1501,1267,1221,1002,668,376,49,2,5003,207,311,1547,797,628,621,456,283,140,11,2,5517,195,365,1809,704,639,600,546,385,236,38,0
서울특별시 동대문구 휘경제1동,1123072000,13900,809,767,3587,2176,1689,1918,1540,932,426,53,3,6620,403,375,1536,1120,870,948,760,405,189,13,1,7280,406,392,2051,1056,819,970,780,527,237,40,2
서울특별시 동대문구 휘경제2동,1123073000,24158,1136,2008,5495,2915,3406,3537,3015,1797,753,94,2,12051,608,958,2912,1569,1674,1786,1432,798,279,35,0,12107,528,1050,2583,1346,1732,1751,1583,999,474,59,2
서울특별시 동대문구 이문제1동,1123074000,18003,665,1171,4794,2149,2254,2588,2165,1415,717,82,3,8984,346,606,2349,1214,1163,1339,1030,618,294,24,1,9019,319,565,2445,935,1091,1249,1135,797,423,58,2
서울특별시 동대문구 이문제2동,1123075000,20014,1178,1719,2753,2446,3040,3379,2809,1839,753,94,4,9668,607,863,1303,1211,1518,1702,1331,805,306,19,3,10346,571,856,1450,1235,1522,1677,1478,1034,447,75,1
서울특별시 중랑구 ,1126000000,387667,21419,25540,54312,56942,55755,67614,60625,31161,12611,1608,80,191305,11029,12968,26755,29256,28877,33456,29420,14192,4980,352,20,196362,10390,12572,27557,27686,26878,34158,31205,16969,7631,1256,60
서울특별시 중랑구 면목제2동,1126052000,24032,1141,1464,3209,3212,3489,4757,3806,2048,789,113,4,11996,593,726,1605,1689,1850,2425,1850,918,316,24,0,12036,548,738,1604,1523,1639,2332,1956,1130,473,89,4
서울특별시 중랑구 면목제4동,1126054000,19085,1007,1196,2458,2665,2945,3291,3022,1813,616,68,4,9504,529,622,1275,1394,1560,1643,1434,778,248,20,1,9581,478,574,1183,1271,1385,1648,1588,1035,368,48,3
서울특별시 중랑구 면목제5동,1126055000,14792,1389,880,1761,2676,2293,2419,1985,995,358,36,0,7431,686,453,888,1345,1249,1224,984,456,136,10,0,7361,703,427,873,1331,1044,1195,1001,539,222,26,0
서울특별시 중랑구 면목본동,1126056500,33525,1402,1807,5203,5175,4778,6157,5077,2744,1069,108,5,16615,718,874,2599,2732,2518,3072,2457,1206,417,20,2,16910,684,933,2604,2443,2260,3085,2620,1538,652,88,3
서울특별시 중랑구 면목제7동,1126057000,21770,1117,1172,2972,3269,3064,3781,3652,1941,707,94,1,10951,620,602,1498,1672,1648,1870,1812,920,288,21,0,10819,497,570,1474,1597,1416,1911,1840,1021,419,73,1
서울특별시 중랑구 면목제3.8동,1126057500,24842,1011,1389,3652,3500,3358,4590,4128,2228,869,113,4,12315,522,718,1827,1861,1758,2267,1974,1007,353,27,1,12527,489,671,1825,1639,1600,2323,2154,1221,516,86,3
서울특별시 중랑구 상봉제1동,1126058000,24150,1693,1865,3412,3591,3471,4215,3541,1565,704,90,3,11776,860,991,1685,1815,1740,2010,1704,685,269,17,0,12374,833,874,1727,1776,1731,2205,1837,880,435,73,3
서울특별시 중랑구 상봉제2동,1126059000,20413,761,751,4247,4471,2587,3074,2592,1332,518,67,13,9841,369,401,1776,2253,1349,1552,1270,628,222,19,2,10572,392,350,2471,2218,1238,1522,1322,704,296,48,11
서울특별시 중랑구 중화제1동,1126060000,19695,1140,1266,2770,3132,2720,3215,3188,1610,589,63,2,9650,579,617,1355,1635,1419,1530,1522,740,239,13,1,10045,561,649,1415,1497,1301,1685,1666,870,350,50,1
서울특별시 중랑구 중화제2동,1126061000,24946,1006,1124,3625,3666,3313,4742,4283,2154,940,90,3,12790,546,590,1799,1933,1788,2544,2199,987,378,25,1,12156,460,534,1826,1733,1525,2198,2084,1167,562,65,2
서울특별시 중랑구 묵제1동,1126062000,34505,2148,3021,4846,4720,5548,5528,4882,2594,1078,126,14,16666,1101,1523,2299,2383,2732,2653,2282,1200,461,26,6,17839,1047,1498,2547,2337,2816,2875,2600,1394,617,100,8
서울특별시 중랑구 묵제2동,1126063000,18807,965,1153,2645,2888,2757,3164,3018,1549,600,65,3,9235,495,598,1286,1471,1409,1574,1411,725,251,14,1,9572,470,555,1359,1417,1348,1590,1607,824,349,51,2
서울특별시 중랑구 망우본동,1126065500,31713,1796,2004,4192,4436,4328,5677,5392,2653,1069,158,8,15876,905,1007,2102,2295,2318,2865,2712,1248,386,35,3,15837,891,997,2090,2141,2010,2812,2680,1405,683,123,5
서울특별시 중랑구 망우제3동,1126066000,16344,694,1036,2180,2015,2224,3178,2868,1468,586,94,1,8196,369,469,1125,1087,1141,1601,1456,687,243,18,0,8148,325,567,1055,928,1083,1577,1412,781,343,76,1
서울특별시 중랑구 신내1동,1126068000,38534,2949,3778,4711,4710,5842,6364,5815,2835,1309,211,10,18690,1520,1948,2404,2291,2876,3010,2812,1304,493,32,0,19844,1429,1830,2307,2419,2966,3354,3003,1531,816,179,10
서울특별시 중랑구 신내2동,1126069000,20514,1200,1634,2429,2816,3038,3462,3376,1632,810,112,5,9773,617,829,1232,1400,1522,1616,1541,703,280,31,2,10741,583,805,1197,1416,1516,1846,1835,929,530,81,3
서울특별시 성북구 ,1129000000,431313,27524,36126,65737,58591,67666,69261,56754,32536,15014,2029,75,207979,14067,18365,31488,29282,33362,34136,26693,14172,5896,501,17,223334,13457,17761,34249,29309,34304,35125,30061,18364,9118,1528,58
서울특별시 성북구 성북동,1129052500,16587,733,1140,2730,2489,2507,2748,2096,1278,723,137,6,7760,354,592,1261,1200,1198,1297,984,526,304,42,2,8827,379,548,1469,1289,1309,1451,1112,752,419,95,4
서울특별시 성북구 삼선동,1129055500,22949,1021,1798,4218,3225,3427,3694,2795,1777,881,102,11,10945,534,921,1907,1584,1683,1833,1365,753,334,29,2,12004,487,877,2311,1641,1744,1861,1430,1024,547,73,9
서울특별시 성북구 동선동,1129057500,15508,522,916,4561,2497,1949,1952,1529,1024,480,73,5,6505,253,387,1508,1139,927,968,684,435,182,22,0,9003,269,529,3053,1358,1022,984,845,589,298,51,5
서울특별시 성북구 돈암제1동,1129058000,14719,777,1221,1963,1918,2065,2650,2222,1246,583,69,5,6889,381,598,902,941,974,1273,1026,559,217,18,0,7830,396,623,1061,977,1091,1377,1196,687,366,51,5
서울특별시 성북구 돈암제2동,1129059000,23950,1900,2742,2854,2937,4255,4141,2807,1440,733,138,3,11341,959,1346,1405,1385,2000,1988,1313,623,288,34,0,12609,941,1396,1449,1552,2255,2153,1494,817,445,104,3
서울특별시 성북구 안암동,1129060000,14965,422,798,5211,2061,1572,1949,1512,928,451,57,4,7519,215,407,2688,1161,804,975,705,386,166,10,2,7446,207,391,2523,900,768,974,807,542,285,47,2
서울특별시 성북구 보문동,1129061000,15392,940,918,2603,2556,2305,2517,1965,1046,479,59,4,7433,469,442,1237,1321,1160,1235,925,450,186,7,1,7959,471,476,1366,1235,1145,1282,1040,596,293,52,3
서울특별시 성북구 정릉제1동,1129062000,18187,1386,1709,2237,2524,3123,2829,2286,1356,656,79,2,8752,726,855,1105,1253,1500,1389,1076,566,263,19,0,9435,660,854,1132,1271,1623,1440,1210,790,393,60,2
서울특별시 성북구 정릉제2동,1129063000,23010,1407,1781,3190,3058,3436,3782,3445,1936,856,115,4,11123,722,940,1577,1568,1699,1803,1602,858,326,26,2,11887,685,841,1613,1490,1737,1979,1843,1078,530,89,2
서울특별시 성북구 정릉제3동,1129064000,15062,563,904,3091,1842,1786,2327,2297,1423,720,106,3,7495,298,467,1725,1054,885,1141,1024,606,272,23,0,7567,265,437,1366,788,901,1186,1273,817,448,83,3
서울특별시 성북구 정릉제4동,1129065000,24916,1470,2084,3232,3043,4048,4189,3654,2134,921,139,2,12013,768,1093,1649,1477,1992,2028,1649,950,373,34,0,12903,702,991,1583,1566,2056,2161,2005,1184,548,105,2
서울특별시 성북구 길음제1동,1129066000,35542,3637,4950,3378,4238,7750,5158,3382,2057,863,125,4,16882,1865,2420,1624,1902,3683,2653,1520,860,332,23,0,18660,1772,2530,1754,2336,4067,2505,1862,1197,531,102,4
서울특별시 성북구 길음제2동,1129068500,16637,1428,1422,2015,2413,2843,2758,2166,1072,457,62,1,7983,739,757,934,1163,1358,1352,1019,473,177,11,0,8654,689,665,1081,1250,1485,1406,1147,599,280,51,1
서울특별시 성북구 종암동,1129070500,38889,2507,3589,5586,5039,6203,6345,4975,2850,1545,243,7,19294,1291,1974,2958,2571,3050,3150,2412,1217,593,75,3,19595,1216,1615,2628,2468,3153,3195,2563,1633,952,168,4
서울특별시 성북구 월곡제1동,1129071500,26416,1922,2556,2985,3497,4450,4239,3666,2113,886,102,0,12753,965,1240,1411,1729,2215,2125,1750,931,358,29,0,13663,957,1316,1574,1768,2235,2114,1916,1182,528,73,0
서울특별시 성북구 월곡제2동,1129072500,19500,1000,1415,3486,2704,2736,3010,2748,1585,719,95,2,9391,534,725,1474,1420,1383,1517,1327,703,285,22,1,10109,466,690,2012,1284,1353,1493,1421,882,434,73,1
서울특별시 성북구 장위제1동,1129076000,24342,1740,1887,3353,3381,3714,4214,3459,1750,756,86,2,11914,876,979,1689,1757,1865,2047,1626,765,290,19,1,12428,864,908,1664,1624,1849,2167,1833,985,466,67,1
서울특별시 성북구 장위제2동,1129077000,13720,566,850,1951,1805,1870,2383,2258,1357,608,70,2,6771,287,429,961,933,1016,1211,1057,613,244,20,0,6949,279,421,990,872,854,1172,1201,744,364,50,2
서울특별시 성북구 장위제3동,1129078000,15888,1679,1328,1992,2477,2622,2501,1972,924,351,37,5,7826,857,670,965,1189,1352,1253,950,443,140,6,1,8062,822,658,1027,1288,1270,1248,1022,481,211,31,4
서울특별시 성북구 석관동,1129081000,35134,1904,2118,5101,4887,5005,5875,5520,3240,1346,135,3,17390,974,1123,2508,2535,2618,2898,2679,1455,566,32,2,17744,930,995,2593,2352,2387,2977,2841,1785,780,103,1
서울특별시 강북구 ,1130500000,299792,14241,20886,41222,37237,44083,51687,47182,29342,12412,1452,48,146000,7359,10709,20248,19437,22677,25478,22061,12654,4974,391,12,153792,6882,10177,20974,17800,21406,26209,25121,16688,7438,1061,36
서울특별시 강북구 삼양동,1130553400,23688,1176,1853,3059,2858,3429,4287,3820,2199,884,117,6,11814,624,975,1587,1510,1752,2171,1812,999,348,33,3,11874,552,878,1472,1348,1677,2116,2008,1200,536,84,3
서울특별시 강북구 미아동,1130553500,21597,694,1260,3699,2856,2909,3699,3443,2037,903,96,1,10393,361,664,1611,1506,1526,1792,1672,882,358,21,0,11204,333,596,2088,1350,1383,1907,1771,1155,545,75,1
서울특별시 강북구 송중동,1130554500,29563,1431,1952,4170,3932,4370,5110,4693,2707,1075,120,3,14201,729,938,2048,1972,2224,2441,2182,1182,455,29,1,15362,702,1014,2122,1960,2146,2669,2511,1525,620,91,2
서울특별시 강북구 송천동,1130555500,26448,965,1533,3441,3115,3671,4864,4714,2836,1176,124,9,13133,487,783,1740,1650,1976,2451,2303,1242,464,36,1,13315,478,750,1701,1465,1695,2413,2411,1594,712,88,8
서울특별시 강북구 삼각산동,1130557500,31395,2776,3904,3318,3612,6232,5131,3456,2006,857,99,4,15069,1442,1970,1658,1676,2999,2568,1568,867,301,19,1,16326,1334,1934,1660,1936,3233,2563,1888,1139,556,80,3
서울특별시 강북구 번1동,1130559500,18383,610,1014,3142,2642,2740,3071,2714,1705,670,73,2,9292,322,522,1565,1423,1478,1607,1295,772,284,24,0,9091,288,492,1577,1219,1262,1464,1419,933,386,49,2
서울특별시 강북구 번2동,1130560300,15856,609,1001,2144,1700,2224,2708,2695,1936,760,77,2,7678,326,527,1121,917,1134,1345,1235,774,283,16,0,8178,283,474,1023,783,1090,1363,1460,1162,477,61,2
서울특별시 강북구 번3동,1130560800,16898,865,1245,1827,1639,2448,2788,2695,2431,871,87,2,7910,434,630,943,844,1217,1358,1209,908,348,18,1,8988,431,615,884,795,1231,1430,1486,1523,523,69,1
서울특별시 강북구 수유1동,1130561500,20603,923,1285,2982,2727,2841,3503,3400,1969,866,103,4,10181,468,651,1482,1472,1532,1704,1611,874,352,35,0,10422,455,634,1500,1255,1309,1799,1789,1095,514,68,4
서울특별시 강북구 수유2동,1130562500,21292,1003,1351,2891,2502,2961,3744,3503,2147,1055,134,1,10167,516,716,1381,1316,1504,1782,1584,911,413,43,1,11125,487,635,1510,1186,1457,1962,1919,1236,642,91,0
서울특별시 강북구 수유3동,1130563500,23042,741,1083,4120,3336,3170,3963,3511,2130,889,95,4,11490,380,590,1985,1824,1701,2006,1629,959,378,38,0,11552,361,493,2135,1512,1469,1957,1882,1171,511,57,4
서울특별시 강북구 우이동,1130564500,20581,1012,1364,2539,2586,2872,3539,3396,2119,1015,134,5,9954,522,715,1193,1371,1481,1727,1566,906,435,37,1,10627,490,649,1346,1215,1391,1812,1830,1213,580,97,4
서울특별시 강북구 인수동,1130566000,30446,1436,2041,3890,3732,4216,5280,5142,3120,1391,193,5,14718,748,1028,1934,1956,2153,2526,2395,1378,555,42,3,15728,688,1013,1956,1776,2063,2754,2747,1742,836,151,2
서울특별시 도봉구 ,1132000000,317943,17188,24395,41691,39291,46305,56044,51330,27496,12406,1684,113,154794,8956,12538,21135,20073,23023,26802,24297,12611,4868,456,35,163149,8232,11857,20556,19218,23282,29242,27033,14885,7538,1228,78
서울특별시 도봉구 창제1동,1132051100,24794,1443,2064,3239,3301,3912,4199,3588,1946,974,124,4,11770,741,1039,1584,1641,1908,1967,1641,837,380,29,3,13024,702,1025,1655,1660,2004,2232,1947,1109,594,95,1
서울특별시 도봉구 창제2동,1132051200,29098,1627,2140,4113,3936,4429,5120,4265,2334,1016,115,3,14169,842,1107,2055,1983,2246,2439,1986,1050,435,26,0,14929,785,1033,2058,1953,2183,2681,2279,1284,581,89,3
서울특별시 도봉구 창제3동,1132051300,13839,682,1027,1745,1579,2076,2507,2249,1354,567,46,7,6918,364,540,907,835,1078,1264,1074,607,236,11,2,6921,318,487,838,744,998,1243,1175,747,331,35,5
서울특별시 도봉구 창제4동,1132051400,26598,1640,2535,3528,3312,4227,4850,3723,1688,933,152,10,12785,870,1283,1788,1587,2012,2275,1799,776,342,47,6,13813,770,1252,1740,1725,2215,2575,1924,912,591,105,4
서울특별시 도봉구 창제5동,1132051500,24630,1446,1871,3553,3453,3426,4307,3836,1767,846,122,3,11769,753,946,1739,1734,1645,1976,1799,812,329,35,1,12861,693,925,1814,1719,1781,2331,2037,955,517,87,2
서울특별시 도봉구 도봉제1동,1132052100,21123,803,1128,2514,2268,2824,3718,3989,2689,1071,117,2,10666,391,603,1354,1235,1560,1840,1938,1264,441,39,1,10457,412,525,1160,1033,1264,1878,2051,1425,630,78,1
서울특별시 도봉구 도봉제2동,1132052200,26902,1525,1586,3190,3446,3638,4402,4890,2820,1191,189,25,13137,788,822,1600,1758,1841,2161,2293,1350,476,44,4,13765,737,764,1590,1688,1797,2241,2597,1470,715,145,21
서울특별시 도봉구 쌍문제1동,1132066000,21380,1090,1551,2890,2527,3055,3737,3441,2046,914,113,16,10312,580,735,1380,1304,1557,1811,1603,934,372,31,5,11068,510,816,1510,1223,1498,1926,1838,1112,542,82,11
서울특별시 도봉구 쌍문제2동,1132067000,18768,944,1319,2455,2487,2671,3237,3111,1632,780,113,19,8980,481,700,1242,1295,1346,1456,1438,705,281,29,7,9788,463,619,1213,1192,1325,1781,1673,927,499,84,12
서울특별시 도봉구 쌍문제3동,1132068000,16556,763,1005,2405,2280,2370,2870,2532,1594,654,76,7,8043,387,513,1190,1191,1212,1356,1188,697,283,23,3,8513,376,492,1215,1089,1158,1514,1344,897,371,53,4
서울특별시 도봉구 쌍문제4동,1132068100,18684,1136,1946,2427,2242,2829,3364,2888,1152,599,98,3,8830,605,981,1210,1097,1284,1527,1364,536,198,28,0,9854,531,965,1217,1145,1545,1837,1524,616,401,70,3
서울특별시 도봉구 방학제1동,1132069000,28717,1454,2137,3886,3271,4110,5300,4777,2651,978,149,4,14268,732,1086,1989,1679,2047,2667,2330,1292,406,39,1,14449,722,1051,1897,1592,2063,2633,2447,1359,572,110,3
서울특별시 도봉구 방학제2동,1132070000,19703,834,1413,2572,2126,2702,3730,3446,1916,858,102,4,9954,434,734,1402,1196,1392,1860,1693,867,346,30,0,9749,400,679,1170,930,1310,1870,1753,1049,512,72,4
서울특별시 도봉구 방학제3동,1132071000,27151,1801,2673,3174,3063,4036,4703,4595,1907,1025,168,6,13193,988,1449,1695,1538,1895,2203,2151,884,343,45,2,13958,813,1224,1479,1525,2141,2500,2444,1023,682,123,4
서울특별시 노원구 ,1135000000,511275,30670,50547,70267,63104,81827,87015,70613,37252,17323,2565,92,246182,15811,26230,35866,31427,38938,42092,32856,16229,6101,621,11,265093,14859,24317,34401,31677,42889,44923,37757,21023,11222,1944,81
서울특별시 노원구 월계1동,1135056000,21652,1102,1603,3713,2558,3284,3434,3157,1930,764,101,6,11172,562,871,2136,1402,1702,1733,1533,885,322,25,1,10480,540,732,1577,1156,1582,1701,1624,1045,442,76,5
서울특별시 노원구 월계2동,1135057000,26665,1592,2012,3091,3089,4071,4528,4495,2514,1085,182,6,12840,813,1037,1638,1540,2064,2198,2015,1132,354,48,1,13825,779,975,1453,1549,2007,2330,2480,1382,731,134,5
서울특별시 노원구 월계3동,1135058000,29955,2103,2058,3478,4459,4467,4714,4729,2603,1193,145,6,14305,1071,1100,1722,2236,2264,2183,2111,1165,425,28,0,15650,1032,958,1756,2223,2203,2531,2618,1438,768,117,6
서울특별시 노원구 공릉1동,1135059500,36786,1914,2564,6532,5145,5312,5658,5596,2802,1091,168,4,17927,984,1314,3218,2589,2734,2740,2604,1276,429,38,1,18859,930,1250,3314,2556,2578,2918,2992,1526,662,130,3
서울특별시 노원구 공릉2동,1135060000,39085,2750,4176,6585,5173,6292,6004,4712,2251,996,140,6,19057,1427,2152,3265,2598,2964,2947,2230,1062,369,42,1,20028,1323,2024,3320,2575,3328,3057,2482,1189,627,98,5
서울특별시 노원구 하계1동,1135061100,26642,1064,2935,4381,2676,3966,4931,3723,1842,985,135,4,12776,575,1631,2351,1333,1765,2372,1716,708,284,41,0,13866,489,1304,2030,1343,2201,2559,2007,1134,701,94,4
서울특별시 노원구 하계2동,1135061200,22030,1396,2685,2909,2487,3826,3890,2673,1352,712,100,0,10493,732,1378,1479,1195,1773,1863,1248,568,230,27,0,11537,664,1307,1430,1292,2053,2027,1425,784,482,73,0
서울특별시 노원구 중계본동,1135061900,24059,1436,4436,3063,1788,4782,4570,2316,1042,549,73,4,11718,772,2230,1569,872,2024,2367,1212,456,198,18,0,12341,664,2206,1494,916,2758,2203,1104,586,351,55,4
서울특별시 노원구 중계1동,1135062100,26931,1878,5568,2906,1963,6272,4597,2200,952,521,70,4,13070,1010,2910,1503,851,2726,2419,1076,397,160,17,1,13861,868,2658,1403,1112,3546,2178,1124,555,361,53,3
서울특별시 노원구 중계4동,1135062400,19976,1078,2163,2462,1893,3320,3586,2674,1859,803,135,3,9628,552,1191,1277,946,1582,1773,1256,730,285,36,0,10348,526,972,1185,947,1738,1813,1418,1129,518,99,3
서울특별시 노원구 중계2.3동,1135062500,34352,1849,3029,4107,4149,5437,5646,4959,3281,1662,225,8,15754,942,1466,2058,2005,2637,2667,2173,1223,531,52,0,18598,907,1563,2049,2144,2800,2979,2786,2058,1131,173,8
서울특별시 노원구 상계1동,1135063000,38231,2128,3243,5089,4745,5508,6905,6203,2905,1298,197,10,18490,1075,1684,2576,2383,2636,3267,2978,1332,515,41,3,19741,1053,1559,2513,2362,2872,3638,3225,1573,783,156,7
서울특별시 노원구 상계2동,1135064000,20006,906,1770,3165,2273,2884,3888,2997,1395,628,94,6,9901,442,884,1611,1196,1418,1935,1485,669,239,21,1,10105,464,886,1554,1077,1466,1953,1512,726,389,73,5
서울특별시 노원구 상계3.4동,1135066500,26212,1320,1988,3105,2832,3728,4685,4454,2702,1259,135,4,13022,670,1089,1645,1502,1886,2357,2158,1196,492,26,1,13190,650,899,1460,1330,1842,2328,2296,1506,767,109,3
서울특별시 노원구 상계5동,1135067000,24014,1020,1947,3316,2601,3471,4452,3811,2233,992,163,8,11643,517,1007,1736,1375,1708,2155,1793,968,338,46,0,12371,503,940,1580,1226,1763,2297,2018,1265,654,117,8
서울특별시 노원구 상계6.7동,1135069500,32802,2278,2893,4444,4836,5239,5693,4188,1996,1028,200,7,15165,1168,1507,2129,2266,2399,2581,1865,860,347,43,0,17637,1110,1386,2315,2570,2840,3112,2323,1136,681,157,7
서울특별시 노원구 상계8동,1135070000,22669,2305,1908,2674,4792,3766,3040,2351,1181,559,90,3,10875,1204,956,1342,2344,1853,1440,999,521,189,27,0,11794,1101,952,1332,2448,1913,1600,1352,660,370,63,3
서울특별시 노원구 상계9동,1135071000,20510,1250,1970,2673,2718,3291,3560,2880,1367,677,122,2,9692,632,1021,1387,1371,1483,1640,1300,607,227,23,1,10818,618,949,1286,1347,1808,1920,1580,760,450,99,1
서울특별시 노원구 상계10동,1135072000,18698,1301,1599,2574,2927,2911,3234,2495,1045,521,90,1,8654,663,802,1224,1423,1320,1455,1104,474,167,22,0,10044,638,797,1350,1504,1591,1779,1391,571,354,68,1
서울특별시 은평구 ,1138000000,473468,27772,37284,65402,67046,74142,77137,66949,38603,16956,2090,87,226555,14270,19072,31231,32924,36674,37163,30900,16873,6858,570,20,246913,13502,18212,34171,34122,37468,39974,36049,21730,10098,1520,67
서울특별시 은평구 녹번동,1138051000,36810,2371,2175,4900,5997,5526,5881,5299,3107,1365,184,5,17438,1184,1059,2306,2931,2808,2833,2370,1342,559,44,2,19372,1187,1116,2594,3066,2718,3048,2929,1765,806,140,3
서울특별시 은평구 불광제1동,1138052000,38563,2196,2578,5086,5352,5686,6640,5738,3416,1661,199,11,18199,1127,1364,2434,2646,2750,3106,2607,1444,653,66,2,20364,1069,1214,2652,2706,2936,3534,3131,1972,1008,133,9
서울특별시 은평구 불광제2동,1138053000,27645,1005,1673,4194,3808,3610,4803,4531,2736,1137,134,14,13377,507,855,2070,1975,1890,2249,2113,1212,465,37,4,14268,498,818,2124,1833,1720,2554,2418,1524,672,97,10
서울특별시 은평구 갈현제1동,1138055100,21996,887,1432,3489,2897,3066,3810,3559,1994,756,102,4,10740,478,747,1759,1576,1567,1739,1633,895,324,21,1,11256,409,685,1730,1321,1499,2071,1926,1099,432,81,3
서울특별시 은평구 갈현제2동,1138055200,28241,1389,2320,4304,3790,4482,4757,3834,2280,975,108,2,13365,716,1164,2083,1861,2172,2229,1731,969,406,34,0,14876,673,1156,2221,1929,2310,2528,2103,1311,569,74,2
서울특별시 은평구 구산동,1138056000,32318,1644,2805,4337,4035,4940,5654,4834,2720,1199,146,4,15849,812,1374,2086,2026,2504,2818,2373,1301,512,43,0,16469,832,1431,2251,2009,2436,2836,2461,1419,687,103,4
서울특별시 은평구 대조동,1138057000,26884,1035,1546,4831,4224,3850,4182,3678,2345,1067,120,6,12518,549,711,2098,2084,1884,2051,1653,1001,452,35,0,14366,486,835,2733,2140,1966,2131,2025,1344,615,85,6
서울특별시 은평구 응암제1동,1138058000,32976,2520,2687,4479,5468,5573,4881,3947,2313,993,113,2,15627,1270,1407,2036,2627,2746,2377,1764,975,392,32,1,17349,1250,1280,2443,2841,2827,2504,2183,1338,601,81,1
서울특별시 은평구 응암제2동,1138059000,27621,3154,2320,2641,4802,5338,3771,3034,1700,761,96,4,13409,1650,1203,1331,2250,2715,1844,1378,719,293,25,1,14212,1504,1117,1310,2552,2623,1927,1656,981,468,71,3
서울특별시 은평구 응암제3동,1138060000,24423,941,1474,3537,3304,3400,4031,3829,2534,1227,142,4,11902,509,770,1783,1735,1744,1997,1784,1049,489,42,0,12521,432,704,1754,1569,1656,2034,2045,1485,738,100,4
서울특별시 은평구 역촌동,1138062500,45548,2406,3326,6472,6302,7374,7588,6495,3835,1566,175,9,21406,1199,1667,3071,3014,3667,3542,2898,1680,627,40,1,24142,1207,1659,3401,3288,3707,4046,3597,2155,939,135,8
서울특별시 은평구 신사제1동,1138063100,27061,1472,1995,3805,3969,4136,4368,4071,2232,911,101,1,13032,733,1053,1902,1997,2054,2048,1883,964,372,26,0,14029,739,942,1903,1972,2082,2320,2188,1268,539,75,1
서울특별시 은평구 신사제2동,1138063200,20312,1017,1582,2863,2706,3050,3450,3208,1621,719,91,5,10139,538,875,1473,1425,1547,1689,1547,741,273,30,1,10173,479,707,1390,1281,1503,1761,1661,880,446,61,4
서울특별시 은평구 증산동,1138064000,14912,669,1134,1988,1960,2152,2520,2483,1370,567,66,3,7278,348,573,977,1007,1072,1226,1187,621,248,18,1,7634,321,561,1011,953,1080,1294,1296,749,319,48,2
서울특별시 은평구 수색동,1138065000,12196,850,847,1571,1896,1705,2119,1799,927,425,57,0,6010,435,449,798,956,857,1070,879,411,145,10,0,6186,415,398,773,940,848,1049,920,516,280,47,0
서울특별시 은평구 진관동,1138069000,55962,4216,7390,6905,6536,10254,8682,6610,3473,1627,256,13,26266,2215,3801,3024,2814,4697,4345,3100,1549,648,67,6,29696,2001,3589,3881,3722,5557,4337,3510,1924,979,189,7
서울특별시 서대문구 ,1141000000,305443,18992,22593,49111,44269,45389,48671,39705,23314,11747,1554,98,145990,9683,11270,23338,21883,22414,23710,18745,9989,4524,410,24,159453,9309,11323,25773,22386,22975,24961,20960,13325,7223,1144,74
서울특별시 서대문구 천연동,1141052000,17135,1155,1382,2127,2314,2650,3009,2265,1345,789,94,5,8129,581,683,1015,1144,1271,1505,1092,544,271,21,2,9006,574,699,1112,1170,1379,1504,1173,801,518,73,3
서울특별시 서대문구 북아현동,1141055500,16006,1401,1017,2187,2821,2565,2732,1810,957,452,59,5,7684,711,495,1002,1361,1318,1359,856,405,160,16,1,8322,690,522,1185,1460,1247,1373,954,552,292,43,4
서울특별시 서대문구 충현동,1141056500,20412,1188,1300,3355,3337,2962,3271,2742,1401,719,128,9,9844,594,629,1613,1636,1484,1616,1340,627,270,32,3,10568,594,671,1742,1701,1478,1655,1402,774,449,96,6
서울특별시 서대문구 신촌동,1141058500,19791,673,906,7864,3498,1966,1969,1416,905,517,72,5,8749,356,398,3026,1752,953,982,664,390,205,21,2,11042,317,508,4838,1746,1013,987,752,515,312,51,3
서울특별시 서대문구 연희동,1141061500,35097,1553,2314,7567,5520,4734,5141,4142,2565,1354,198,9,16820,775,1154,3799,2747,2272,2465,1915,1075,548,68,2,18277,778,1160,3768,2773,2462,2676,2227,1490,806,130,7
서울특별시 서대문구 홍제제1동,1141062000,23719,1446,1824,3037,3316,3552,4057,3423,1940,1006,114,4,11118,717,897,1488,1609,1687,1897,1556,844,393,30,0,12601,729,927,1549,1707,1865,2160,1867,1096,613,84,4
서울특별시 서대문구 홍제제3동,1141064000,15354,720,1027,2044,1918,2048,2651,2372,1612,870,89,3,7427,363,555,1019,999,1035,1312,1110,676,327,31,0,7927,357,472,1025,919,1013,1339,1262,936,543,58,3
서울특별시 서대문구 홍제제2동,1141065500,13733,761,1001,1725,1868,1906,2455,2150,1191,593,78,5,6493,407,509,859,906,915,1156,1020,478,221,20,2,7240,354,492,866,962,991,1299,1130,713,372,58,3
서울특별시 서대문구 홍은제1동,1141066000,22686,1446,1687,2771,3016,3287,3951,3434,1927,1025,133,9,10935,731,842,1380,1511,1630,1924,1663,832,387,34,1,11751,715,845,1391,1505,1657,2027,1771,1095,638,99,8
서울특별시 서대문구 홍은제2동,1141068500,26574,1189,2076,4109,3508,3764,4550,3822,2203,1156,167,30,12829,597,1071,2044,1863,1844,2208,1753,971,439,32,7,13745,592,1005,2065,1645,1920,2342,2069,1232,717,135,23
서울특별시 서대문구 남가좌제1동,1141069000,15454,2040,1474,1427,2278,3053,2149,1590,929,451,59,4,7413,1049,704,683,1003,1567,1058,745,394,191,18,1,8041,991,770,744,1275,1486,1091,845,535,260,41,3
서울특별시 서대문구 남가좌제2동,1141070000,29797,2634,2343,4252,4464,4893,4417,3511,2158,990,128,7,14415,1338,1140,2095,2169,2456,2200,1675,924,383,32,3,15382,1296,1203,2157,2295,2437,2217,1836,1234,607,96,4
서울특별시 서대문구 북가좌제1동,1141071000,18044,1315,1936,2064,2273,3213,2971,2299,1290,606,76,1,8696,683,1010,1007,1062,1588,1439,1091,552,248,16,0,9348,632,926,1057,1211,1625,1532,1208,738,358,60,1
서울특별시 서대문구 북가좌제2동,1141072000,31641,1471,2306,4582,4138,4796,5348,4729,2891,1219,159,2,15438,781,1183,2308,2121,2394,2589,2265,1277,481,39,0,16203,690,1123,2274,2017,2402,2759,2464,1614,738,120,2
서울특별시 마포구 ,1144000000,369238,23772,27810,61474,63605,59917,54978,41076,23463,11452,1610,81,173725,12175,14013,27539,30019,29063,26986,19172,9868,4426,441,23,195513,11597,13797,33935,33586,30854,27992,21904,13595,7026,1169,58
서울특별시 마포구 아현동,1144055500,25269,2725,1687,3041,4855,4314,3850,2820,1196,665,108,8,11843,1349,809,1322,2223,2158,1858,1356,492,250,24,2,13426,1376,878,1719,2632,2156,1992,1464,704,415,84,6
서울특별시 마포구 공덕동,1144056500,37209,2212,2212,6160,6472,5292,6254,4624,2512,1318,140,13,17484,1165,1105,2648,3081,2639,3061,2224,1041,479,39,2,19725,1047,1107,3512,3391,2653,3193,2400,1471,839,101,11
서울특별시 마포구 도화동,1144058500,21216,1444,1540,2872,3589,3068,3417,2798,1501,849,136,2,10136,771,793,1376,1727,1493,1626,1324,678,318,30,0,11080,673,747,1496,1862,1575,1791,1474,823,531,106,2
서울특별시 마포구 용강동,1144059000,21639,2126,2055,2181,3653,4325,3080,2227,1256,636,98,2,10227,1044,985,1012,1689,2047,1571,1073,538,238,30,0,11412,1082,1070,1169,1964,2278,1509,1154,718,398,68,2
서울특별시 마포구 대흥동,1144060000,14536,647,829,3585,2448,2042,2064,1522,863,459,69,8,7033,349,448,1626,1225,1010,1077,732,362,184,18,2,7503,298,381,1959,1223,1032,987,790,501,275,51,6
서울특별시 마포구 염리동,1144061000,16766,1458,1546,2494,2672,3119,2478,1575,885,486,52,1,8089,750,782,1156,1279,1561,1255,737,352,200,16,1,8677,708,764,1338,1393,1558,1223,838,533,286,36,0
서울특별시 마포구 신수동,1144063000,22570,1671,1854,3355,3531,3801,3612,2528,1445,678,91,4,11006,853,995,1737,1697,1790,1811,1216,590,285,30,2,11564,818,859,1618,1834,2011,1801,1312,855,393,61,2
서울특별시 마포구 서강동,1144065500,24946,1760,1687,5017,4144,3895,3683,2601,1358,699,100,2,11862,918,842,2335,1967,1869,1783,1252,584,280,32,0,13084,842,845,2682,2177,2026,1900,1349,774,419,68,2
서울특별시 마포구 서교동,1144066000,24820,786,1141,6211,5401,3611,3068,2266,1452,745,133,6,11387,391,553,2670,2519,1756,1476,1039,627,312,41,3,13433,395,588,3541,2882,1855,1592,1227,825,433,92,3
서울특별시 마포구 합정동,1144068000,17338,909,897,3274,3587,2573,2358,1958,1166,532,82,2,8039,470,440,1431,1703,1246,1112,909,500,202,26,0,9299,439,457,1843,1884,1327,1246,1049,666,330,56,2
서울특별시 마포구 망원제1동,1144069000,20063,967,1244,3305,3793,3112,2942,2419,1534,660,83,4,9408,480,622,1527,1826,1501,1443,1104,643,239,22,1,10655,487,622,1778,1967,1611,1499,1315,891,421,61,3
서울특별시 마포구 망원제2동,1144070000,18586,1085,1510,2789,2887,3194,2813,2206,1436,591,70,5,8741,578,745,1268,1359,1563,1374,979,614,239,20,2,9845,507,765,1521,1528,1631,1439,1227,822,352,50,3
서울특별시 마포구 연남동,1144071000,14986,566,751,3164,3030,2214,1959,1705,997,510,87,3,7085,271,413,1450,1498,1109,934,767,418,198,27,0,7901,295,338,1714,1532,1105,1025,938,579,312,60,3
서울특별시 마포구 성산제1동,1144072000,18939,858,1421,3120,3260,3221,2861,2261,1306,573,55,3,8903,424,691,1455,1585,1546,1364,1026,557,240,14,1,10036,434,730,1665,1675,1675,1497,1235,749,333,41,2
서울특별시 마포구 성산제2동,1144073000,39550,2287,3318,6610,6554,6235,5885,4386,2832,1246,189,8,17875,1156,1717,2637,2950,2974,2840,1987,1118,445,46,5,21675,1131,1601,3973,3604,3261,3045,2399,1714,801,143,3
서울특별시 마포구 상암동,1144074000,30805,2271,4118,4296,3729,5901,4654,3180,1724,805,117,10,14607,1206,2073,1889,1691,2801,2401,1447,754,317,26,2,16198,1065,2045,2407,2038,3100,2253,1733,970,488,91,8
서울특별시 양천구 ,1147000000,448061,29673,49595,57597,55897,76612,76239,60257,29116,11286,1715,74,219606,15241,25891,29269,27555,36599,37948,28822,13701,4157,407,16,228455,14432,23704,28328,28342,40013,38291,31435,15415,7129,1308,58
서울특별시 양천구 목1동,1147051000,30782,2765,5057,3210,3038,6685,5054,3012,1351,516,91,3,14780,1394,2523,1571,1277,3020,2673,1448,659,188,25,2,16002,1371,2534,1639,1761,3665,2381,1564,692,328,66,1
서울특별시 양천구 목2동,1147052000,29927,1591,2433,4807,5256,4545,4816,3983,1722,675,97,2,14555,829,1269,2339,2664,2200,2279,1898,814,240,23,0,15372,762,1164,2468,2592,2345,2537,2085,908,435,74,2
서울특별시 양천구 목3동,1147053000,21875,1240,1487,3365,3898,3129,3576,3106,1389,595,84,6,10434,647,811,1619,1904,1501,1633,1441,653,204,20,1,11441,593,676,1746,1994,1628,1943,1665,736,391,64,5
서울특별시 양천구 목4동,1147054000,25402,1267,3220,4048,2713,4347,4867,2805,1479,566,79,11,12430,609,1743,2149,1346,1941,2402,1360,666,193,18,3,12972,658,1477,1899,1367,2406,2465,1445,813,373,61,8
서울특별시 양천구 목5동,1147055000,41300,3177,7370,4274,3713,8814,6828,4433,1789,733,166,3,20510,1680,4041,2243,1639,3900,3563,2164,955,279,46,0,20790,1497,3329,2031,2074,4914,3265,2269,834,454,120,3
서울특별시 양천구 신월1동,1147056000,20480,901,1278,2574,2680,2982,3693,3772,1883,617,94,6,10509,469,654,1325,1493,1582,1942,1897,885,246,16,0,9971,432,624,1249,1187,1400,1751,1875,998,371,78,6
서울특별시 양천구 신월2동,1147057000,20714,1333,1735,2585,2791,3256,3282,3348,1747,552,81,4,10128,680,856,1318,1426,1651,1602,1524,842,212,16,1,10586,653,879,1267,1365,1605,1680,1824,905,340,65,3
서울특별시 양천구 신월3동,1147058000,15222,792,1077,1983,1933,2117,2799,2602,1366,503,49,1,8020,437,561,1059,1054,1174,1517,1397,613,198,9,1,7202,355,516,924,879,943,1282,1205,753,305,40,0
서울특별시 양천구 신월4동,1147059000,17949,1321,1621,2099,2302,2978,2818,2803,1402,532,68,5,8775,650,859,1099,1133,1513,1366,1289,660,186,19,1,9174,671,762,1000,1169,1465,1452,1514,742,346,49,4
서울특별시 양천구 신월5동,1147060000,14652,879,1211,2103,2025,2200,2481,2257,1055,386,55,0,7285,459,647,1080,1065,1101,1200,1075,502,147,9,0,7367,420,564,1023,960,1099,1281,1182,553,239,46,0
서울특별시 양천구 신월6동,1147061000,13862,1491,1226,1556,2538,2192,2019,1779,782,245,30,4,6776,773,594,767,1257,1113,964,832,384,86,6,0,7086,718,632,789,1281,1079,1055,947,398,159,24,4
서울특별시 양천구 신월7동,1147061100,19858,954,1234,2489,2592,2803,3473,3537,1822,851,99,4,9715,503,632,1301,1374,1452,1684,1660,801,286,20,2,10143,451,602,1188,1218,1351,1789,1877,1021,565,79,2
서울특별시 양천구 신정1동,1147062000,20442,1769,2908,2350,1940,4007,3489,2318,1091,470,96,4,9962,912,1500,1197,850,1873,1780,1118,523,186,22,1,10480,857,1408,1153,1090,2134,1709,1200,568,284,74,3
서울특별시 양천구 신정2동,1147063000,19528,1244,2972,2351,1721,3720,3485,2370,1121,465,77,2,9570,612,1552,1206,814,1705,1801,1189,502,170,19,0,9958,632,1420,1145,907,2015,1684,1181,619,295,58,2
서울특별시 양천구 신정3동,1147064000,49652,3626,5587,6155,6137,8304,8595,6464,3325,1265,187,7,24174,1843,2878,3204,3018,3988,4198,3006,1533,461,45,0,25478,1783,2709,2951,3119,4316,4397,3458,1792,804,142,7
서울특별시 양천구 신정4동,1147065000,32757,1497,2227,5247,4904,5017,5352,4800,2674,929,107,3,15972,790,1134,2470,2598,2487,2580,2225,1246,416,25,1,16785,707,1093,2777,2306,2530,2772,2575,1428,513,82,2
서울특별시 양천구 신정6동,1147067000,24629,1984,3607,3008,2675,4591,4416,2768,1056,420,101,3,11977,1031,1871,1552,1189,2051,2197,1339,565,149,32,1,12652,953,1736,1456,1486,2540,2219,1429,491,271,69,2
서울특별시 양천구 신정7동,1147068000,29030,1842,3345,3393,3041,4925,5196,4100,2062,966,154,6,14034,923,1766,1770,1454,2347,2567,1960,898,310,37,2,14996,919,1579,1623,1587,2578,2629,2140,1164,656,117,4
서울특별시 강서구 ,1150000000,574789,36876,43598,85856,97858,89281,84467,79383,39339,15517,2522,92,276624,18730,22320,39361,49338,44893,40641,36631,18449,5664,572,25,298165,18146,21278,46495,48520,44388,43826,42752,20890,9853,1950,67
서울특별시 강서구 염창동,1150051000,41685,3952,4426,5601,7188,7574,5945,4392,1812,693,100,2,20176,2038,2246,2583,3360,3718,2922,2163,855,260,30,1,21509,1914,2180,3018,3828,3856,3023,2229,957,433,70,1
서울특별시 강서구 등촌제1동,1150052000,24226,1224,1243,5038,6136,3218,3075,2324,1116,706,140,6,11265,619,707,1982,2972,1605,1475,1091,500,269,41,4,12961,605,536,3056,3164,1613,1600,1233,616,437,99,2
서울특별시 강서구 등촌제2동,1150053000,20379,1217,1540,3083,3444,2981,3279,2904,1371,467,93,0,9958,646,863,1521,1748,1472,1503,1327,685,176,17,0,10421,571,677,1562,1696,1509,1776,1577,686,291,76,0
서울특별시 강서구 등촌제3동,1150053500,30594,1634,1897,3798,4572,3811,5068,5468,2553,1487,294,12,14507,841,985,1903,2358,1835,2330,2540,1168,460,84,3,16087,793,912,1895,2214,1976,2738,2928,1385,1027,210,9
서울특별시 강서구 화곡제1동,1150054000,51760,2441,2371,9525,10418,7394,7233,7191,3767,1242,168,10,25119,1233,1205,4262,5530,3902,3447,3207,1810,480,39,4,26641,1208,1166,5263,4888,3492,3786,3984,1957,762,129,6
서울특별시 강서구 화곡제2동,1150055000,17856,1068,1365,2571,2812,2989,2807,2471,1319,394,60,0,8676,521,693,1283,1466,1518,1338,1068,622,159,8,0,9180,547,672,1288,1346,1471,1469,1403,697,235,52,0
서울특별시 강서구 화곡제3동,1150056000,21518,1160,1629,3233,3118,3193,3211,3451,1826,602,87,8,10298,623,825,1490,1559,1543,1528,1596,898,215,19,2,11220,537,804,1743,1559,1650,1683,1855,928,387,68,6
서울특별시 강서구 화곡제4동,1150057000,20557,1032,1311,2851,3192,3218,3305,3265,1686,612,84,1,10067,525,695,1447,1683,1667,1586,1442,766,235,21,0,10490,507,616,1404,1509,1551,1719,1823,920,377,63,1
서울특별시 강서구 화곡본동,1150059000,34198,1959,2339,5999,6337,5397,4806,4393,2110,742,112,4,16591,1000,1242,2787,3336,2765,2285,1923,946,287,20,0,17607,959,1097,3212,3001,2632,2521,2470,1164,455,92,4
서울특별시 강서구 화곡제6동,1150059100,24895,1138,1598,4428,4273,3520,3886,3735,1629,590,96,2,12049,580,902,2018,2147,1791,1832,1732,807,223,17,0,12846,558,696,2410,2126,1729,2054,2003,822,367,79,2
서울특별시 강서구 화곡제8동,1150059300,24411,1185,1520,3849,3984,3802,3678,3591,2083,634,81,4,11755,608,777,1867,2096,1913,1696,1548,970,260,19,1,12656,577,743,1982,1888,1889,1982,2043,1113,374,62,3
서울특별시 강서구 가양제1동,1150060300,34088,1584,1790,8234,8621,4566,4113,3423,1168,498,85,6,15589,828,905,2763,4264,2391,1957,1703,571,182,23,2,18499,756,885,5471,4357,2175,2156,1720,597,316,62,4
서울특별시 강서구 가양제2동,1150060400,14043,459,423,1580,2299,1409,1989,3321,1620,809,132,2,6626,226,226,707,1157,721,934,1643,742,242,27,1,7417,233,197,873,1142,688,1055,1678,878,567,105,1
서울특별시 강서구 가양제3동,1150060500,15076,677,527,1634,3064,1835,2157,2797,1563,700,119,3,6997,328,271,769,1521,981,1015,1231,643,217,20,1,8079,349,256,865,1543,854,1142,1566,920,483,99,2
서울특별시 강서구 발산제1동,1150061100,36384,3020,4870,4541,4071,6909,5798,4040,2195,795,140,5,17212,1536,2349,2246,1923,3256,2792,1794,985,305,26,0,19172,1484,2521,2295,2148,3653,3006,2246,1210,490,114,5
서울특별시 강서구 우장산동,1150061500,42981,3512,5499,5137,5194,8351,6641,5121,2607,792,122,5,20559,1750,2686,2403,2487,3921,3311,2365,1278,330,27,1,22422,1762,2813,2734,2707,4430,3330,2756,1329,462,95,4
서울특별시 강서구 공항동,1150062000,30897,3407,2159,4022,5639,5058,4165,3752,1829,743,119,4,15585,1749,1110,2055,2864,2701,2100,1810,879,296,20,1,15312,1658,1049,1967,2775,2357,2065,1942,950,447,99,3
서울특별시 강서구 방화제1동,1150063000,43038,3800,4255,5042,6144,7496,6338,5881,2824,1079,171,8,20976,1856,2143,2446,3002,3792,3128,2777,1389,398,43,2,22062,1944,2112,2596,3142,3704,3210,3104,1435,681,128,6
서울특별시 강서구 방화제2동,1150064000,23395,1186,1406,3329,3791,3236,3510,3830,2056,917,130,4,11561,618,730,1620,2009,1717,1783,1790,937,327,29,1,11834,568,676,1709,1782,1519,1727,2040,1119,590,101,3
서울특별시 강서구 방화제3동,1150064100,22808,1221,1430,2361,3561,3324,3463,4033,2205,1015,189,6,11058,605,760,1209,1856,1684,1679,1881,998,343,42,1,11750,616,670,1152,1705,1640,1784,2152,1207,672,147,5
서울특별시 구로구 ,1153000000,397058,26062,29264,53866,61026,61303,62345,57484,31907,12214,1537,50,195741,13319,15010,26367,31095,31439,30888,27146,15119,4965,381,12,201317,12743,14254,27499,29931,29864,31457,30338,16788,7249,1156,38
서울특별시 구로구 신도림동,1153051000,35964,3459,3562,4223,6072,6555,5108,4149,1994,735,103,4,17518,1751,1820,2018,2899,3202,2519,1976,1011,300,20,2,18446,1708,1742,2205,3173,3353,2589,2173,983,435,83,2
서울특별시 구로구 구로제1동,1153052000,20854,1741,1935,2725,3695,3587,2965,2750,1002,387,63,4,10219,899,1023,1292,1837,1803,1417,1275,498,154,20,1,10635,842,912,1433,1858,1784,1548,1475,504,233,43,3
서울특별시 구로구 구로제2동,1153053000,23842,813,1354,3162,2810,3263,4578,4080,2596,1062,119,5,12047,425,705,1622,1574,1731,2404,1952,1157,451,26,0,11795,388,649,1540,1236,1532,2174,2128,1439,611,93,5
서울특별시 구로구 구로제3동,1153054000,23533,1204,1353,4159,4855,3979,3058,2643,1580,634,67,1,12074,629,677,2064,2678,2196,1614,1231,719,247,19,0,11459,575,676,2095,2177,1783,1444,1412,861,387,48,1
서울특별시 구로구 구로제4동,1153055000,19727,743,1011,2805,2869,2700,3431,3094,2094,889,91,0,9563,395,518,1296,1513,1389,1737,1381,951,361,22,0,10164,348,493,1509,1356,1311,1694,1713,1143,528,69,0
서울특별시 구로구 구로제5동,1153056000,29192,1714,1500,5031,5531,4045,4478,3859,2117,819,95,3,14185,890,756,2203,2781,2080,2234,1892,981,343,25,0,15007,824,744,2828,2750,1965,2244,1967,1136,476,70,3
서울특별시 구로구 가리봉동,1153059500,8954,238,273,1587,1263,1046,1731,1593,817,362,40,4,4894,122,150,875,746,588,1022,871,383,128,9,0,4060,116,123,712,517,458,709,722,434,234,31,4
서울특별시 구로구 고척제1동,1153072000,22389,1241,1838,3068,2787,3318,3823,3589,1923,706,94,2,11144,623,941,1607,1443,1691,1883,1722,945,265,23,1,11245,618,897,1461,1344,1627,1940,1867,978,441,71,1
서울특별시 구로구 고척제2동,1153073000,26643,1615,2157,3440,3107,4113,4699,4126,2314,965,103,4,13204,824,1094,1773,1578,2050,2334,2047,1082,391,30,1,13439,791,1063,1667,1529,2063,2365,2079,1232,574,73,3
서울특별시 구로구 개봉제1동,1153074000,33803,2157,2277,4437,5034,4798,5702,5283,2900,1058,153,4,16852,1062,1147,2283,2616,2473,2828,2553,1391,455,43,1,16951,1095,1130,2154,2418,2325,2874,2730,1509,603,110,3
서울특별시 구로구 개봉제2동,1153075000,30989,1984,2234,3697,4267,4679,4845,5196,2978,983,120,6,15096,1018,1125,1830,2134,2408,2316,2361,1451,415,35,3,15893,966,1109,1867,2133,2271,2529,2835,1527,568,85,3
서울특별시 구로구 개봉제3동,1153076000,20241,1049,1370,2538,2604,3077,3406,3551,1812,748,83,3,9862,510,709,1301,1344,1595,1598,1628,862,293,21,1,10379,539,661,1237,1260,1482,1808,1923,950,455,62,2
서울특별시 구로구 오류제1동,1153077000,22605,1144,1182,4025,4427,3105,3036,3030,1836,723,93,4,10992,565,601,1724,2276,1637,1530,1458,884,302,15,0,11613,579,581,2301,2151,1468,1506,1572,952,421,78,4
서울특별시 구로구 오류제2동,1153078000,38416,2860,3996,4474,4935,6464,5731,5232,3304,1239,180,1,18475,1475,2035,2220,2388,3217,2748,2322,1519,509,42,0,19941,1385,1961,2254,2547,3247,2983,2910,1785,730,138,1
서울특별시 구로구 수궁동,1153079000,23570,1389,1938,2965,3205,3649,3948,3706,1991,686,90,3,11602,716,1062,1535,1609,1811,1872,1771,936,268,20,2,11968,673,876,1430,1596,1838,2076,1935,1055,418,70,1
서울특별시 구로구 항동,1153080000,16336,2711,1284,1530,3565,2925,1806,1603,649,218,43,2,8014,1415,647,724,1679,1568,832,706,349,83,11,0,8322,1296,637,806,1886,1357,974,897,300,135,32,2
서울특별시 금천구 ,1154500000,230839,11749,13989,37157,36463,31756,39326,34577,17968,6925,885,44,116574,6056,7073,18337,20178,16753,19750,16987,8426,2778,223,13,114265,5693,6916,18820,16285,15003,19576,17590,9542,4147,662,31
서울특별시 금천구 가산동,1154551000,23589,646,658,6755,5777,2775,2887,2454,1164,416,54,3,12829,313,316,3097,3562,1739,1692,1334,581,186,8,1,10760,333,342,3658,2215,1036,1195,1120,583,230,46,2
서울특별시 금천구 독산제1동,1154561000,44742,3277,2325,7949,9382,6500,6430,5192,2594,976,111,6,22940,1686,1148,3835,5197,3577,3256,2612,1169,431,27,2,21802,1591,1177,4114,4185,2923,3174,2580,1425,545,84,4
서울특별시 금천구 독산제2동,1154562000,18766,820,1123,2790,2527,2497,3685,3160,1543,540,77,4,9516,432,606,1445,1367,1295,1858,1535,744,209,25,0,9250,388,517,1345,1160,1202,1827,1625,799,331,52,4
서울특별시 금천구 독산제3동,1154563000,24164,920,1268,3914,3592,3048,4571,4048,1934,748,118,3,12106,490,624,1900,2029,1592,2248,1964,929,300,29,1,12058,430,644,2014,1563,1456,2323,2084,1005,448,89,2
서울특별시 금천구 독산제4동,1154564000,15159,600,915,2195,1989,1946,3107,2574,1339,439,52,3,7598,315,448,1109,1072,984,1563,1280,623,190,14,0,7561,285,467,1086,917,962,1544,1294,716,249,38,3
서울특별시 금천구 시흥제1동,1154567000,32849,1664,2179,4762,4741,4695,5746,5061,2769,1074,154,4,16336,853,1176,2362,2528,2380,2842,2440,1291,413,48,3,16513,811,1003,2400,2213,2315,2904,2621,1478,661,106,1
서울특별시 금천구 시흥제2동,1154568000,21268,1448,2069,2348,2366,3356,3683,3372,1777,746,99,4,10232,744,1013,1198,1163,1639,1739,1611,821,286,17,1,11036,704,1056,1150,1203,1717,1944,1761,956,460,82,3
서울특별시 금천구 시흥제3동,1154569000,10818,497,675,1370,1364,1451,1971,1995,1054,406,35,0,5374,248,328,738,736,745,954,944,516,159,6,0,5444,249,347,632,628,706,1017,1051,538,247,29,0
서울특별시 금천구 시흥제4동,1154570000,20274,995,1420,2603,2529,2778,3796,3551,1824,694,80,4,10042,502,730,1330,1339,1391,1827,1740,880,277,24,2,10232,493,690,1273,1190,1387,1969,1811,944,417,56,2
서울특별시 금천구 시흥제5동,1154571000,19210,882,1357,2471,2196,2710,3450,3170,1970,886,105,13,9601,473,684,1323,1185,1411,1771,1527,872,327,25,3,9609,409,673,1148,1011,1299,1679,1643,1098,559,80,10
서울특별시 영등포구 ,1156000000,377048,24875,23688,58755,69331,55554,56242,48250,26871,11888,1529,65,186047,12723,12344,27203,35325,28655,28714,23436,12365,4852,413,17,191001,12152,11344,31552,34006,26899,27528,24814,14506,7036,1116,48
서울특별시 영등포구 영등포본동,1156051500,21233,1353,1207,2847,3228,3014,3625,3292,1821,735,104,7,10872,680,621,1524,1699,1575,1898,1687,851,303,34,0,10361,673,586,1323,1529,1439,1727,1605,970,432,70,7
서울특별시 영등포구 영등포동,1156053500,29271,1176,853,7519,7521,3528,3530,3039,1437,577,91,0,15405,586,447,3098,4161,2028,2210,1834,758,255,28,0,13866,590,406,4421,3360,1500,1320,1205,679,322,63,0
서울특별시 영등포구 여의동,1156054000,33048,2700,2873,3662,4863,5333,5151,4206,2564,1487,202,7,15516,1342,1443,1671,2179,2482,2524,1988,1164,644,78,1,17532,1358,1430,1991,2684,2851,2627,2218,1400,843,124,6
서울특별시 영등포구 당산제1동,1156055000,20335,1059,939,3447,4240,2785,2983,2712,1422,657,88,3,9982,553,471,1574,2169,1434,1546,1290,641,283,20,1,10353,506,468,1873,2071,1351,1437,1422,781,374,68,2
서울특별시 영등포구 당산제2동,1156056000,37427,2726,2270,7228,8236,5274,4815,3871,1978,898,124,7,17529,1417,1128,2929,3906,2633,2308,1876,931,363,33,5,19898,1309,1142,4299,4330,2641,2507,1995,1047,535,91,2
서울특별시 영등포구 도림동,1156058500,17746,890,917,2653,3159,2589,2942,2422,1433,650,89,2,8952,454,493,1271,1658,1390,1560,1192,665,246,22,1,8794,436,424,1382,1501,1199,1382,1230,768,404,67,1
서울특별시 영등포구 문래동,1156060500,32707,3265,2970,3603,5982,6031,4251,3579,2018,883,115,10,16015,1687,1544,1730,2823,3043,2136,1666,985,362,36,3,16692,1578,1426,1873,3159,2988,2115,1913,1033,521,79,7
서울특별시 영등포구 양평제1동,1156061000,18124,1285,1003,2869,4636,2942,2073,1738,1045,463,66,4,8853,687,498,1216,2347,1562,1094,784,462,184,18,1,9271,598,505,1653,2289,1380,979,954,583,279,48,3
서울특별시 영등포구 양평제2동,1156062000,22336,1563,1470,3790,5319,3271,3037,2270,1060,486,68,2,10982,788,769,1678,2726,1653,1569,1121,475,183,20,0,11354,775,701,2112,2593,1618,1468,1149,585,303,48,2
서울특별시 영등포구 신길제1동,1156063000,17268,540,819,3382,3082,2340,2504,2348,1467,707,75,4,8784,258,430,1678,1748,1286,1322,1124,619,298,20,1,8484,282,389,1704,1334,1054,1182,1224,848,409,55,3
서울특별시 영등포구 신길제3동,1156065000,16621,1122,1096,2139,2508,2395,2826,2512,1396,555,68,4,8204,579,567,1051,1288,1243,1424,1196,635,207,14,0,8417,543,529,1088,1220,1152,1402,1316,761,348,54,4
서울특별시 영등포구 신길제4동,1156066000,12336,848,810,1555,1860,1882,2009,1906,988,424,51,3,6134,418,439,803,973,984,995,917,437,153,13,2,6202,430,371,752,887,898,1014,989,551,271,38,1
서울특별시 영등포구 신길제5동,1156067000,10654,791,724,1280,1483,1591,1805,1706,889,341,43,1,5182,401,361,634,770,837,868,771,417,116,7,0,5472,390,363,646,713,754,937,935,472,225,36,1
서울특별시 영등포구 신길제6동,1156068000,19116,1139,1235,3138,3099,2675,3034,2699,1409,616,71,1,9320,576,708,1443,1562,1381,1478,1250,661,248,13,0,9796,563,527,1695,1537,1294,1556,1449,748,368,58,1
서울특별시 영등포구 신길제7동,1156069000,19988,2063,1717,2666,3343,3328,3000,2249,1083,479,58,2,9972,1080,928,1315,1675,1689,1493,1090,499,189,14,0,10016,983,789,1351,1668,1639,1507,1159,584,290,44,2
서울특별시 영등포구 대림제1동,1156070000,14556,863,879,2034,1941,2003,2511,2202,1492,555,73,3,7243,457,509,1025,1017,1072,1228,1033,660,231,9,2,7313,406,370,1009,924,931,1283,1169,832,324,64,1
서울특별시 영등포구 대림제2동,1156071000,11973,395,547,1866,1658,1568,2089,1868,1369,556,55,2,5906,205,263,948,930,836,1028,850,587,247,12,0,6067,190,284,918,728,732,1061,1018,782,309,43,2
서울특별시 영등포구 대림제3동,1156072000,22309,1097,1359,3077,3173,3005,4057,3631,2000,819,88,3,11196,555,725,1615,1694,1527,2033,1767,918,340,22,0,11113,542,634,1462,1479,1478,2024,1864,1082,479,66,3
서울특별시 동작구 ,1159000000,386051,23133,26999,65156,60911,57270,58069,50500,29575,12556,1754,128,186710,11839,13834,31441,30769,28740,28012,23340,13121,5118,464,32,199341,11294,13165,33715,30142,28530,30057,27160,16454,7438,1290,96
서울특별시 동작구 노량진제1동,1159051000,32040,1858,1911,5539,5487,4247,4707,4369,2498,1251,165,8,16114,959,994,2933,3024,2252,2299,2022,1099,482,47,3,15926,899,917,2606,2463,1995,2408,2347,1399,769,118,5
서울특별시 동작구 노량진제2동,1159052000,11056,249,442,2208,1874,1289,1683,1753,1009,465,73,11,5710,129,222,1143,1099,723,869,853,444,206,18,4,5346,120,220,1065,775,566,814,900,565,259,55,7
서울특별시 동작구 상도제1동,1159053000,44188,2609,3113,9622,5989,6360,6330,5474,3077,1381,206,27,21415,1325,1581,4883,3004,3112,2993,2540,1376,540,56,5,22773,1284,1532,4739,2985,3248,3337,2934,1701,841,150,22
서울특별시 동작구 상도제2동,1159054000,28310,2464,1946,4236,4809,4507,4157,3338,1855,855,135,8,13635,1263,989,2015,2301,2291,1996,1553,837,348,39,3,14675,1201,957,2221,2508,2216,2161,1785,1018,507,96,5
서울특별시 동작구 상도제3동,1159055000,24569,1087,1585,4149,4025,3508,3869,3321,2064,863,91,7,11711,545,825,1908,2070,1733,1844,1516,897,352,19,2,12858,542,760,2241,1955,1775,2025,1805,1167,511,72,5
서울특별시 동작구 상도제4동,1159056000,28608,1519,1830,4558,4652,4225,4442,4002,2293,959,124,4,13886,797,971,2201,2384,2158,2123,1867,992,354,38,1,14722,722,859,2357,2268,2067,2319,2135,1301,605,86,3
서울특별시 동작구 흑석동,1159060500,31574,2253,2148,4896,4320,4718,5180,4167,2496,1201,186,9,15384,1148,1108,2556,2114,2436,2473,1961,1081,456,49,2,16190,1105,1040,2340,2206,2282,2707,2206,1415,745,137,7
서울특별시 동작구 사당제1동,1159062000,22882,761,873,5215,4655,2946,2973,3038,1768,576,73,4,10888,403,464,2243,2440,1502,1398,1341,805,277,14,1,11994,358,409,2972,2215,1444,1575,1697,963,299,59,3
서울특별시 동작구 사당제2동,1159063000,27801,1816,1760,3634,4443,4103,4388,4073,2497,953,131,3,13317,909,988,1720,2171,2013,2112,1835,1126,411,32,0,14484,907,772,1914,2272,2090,2276,2238,1371,542,99,3
서울특별시 동작구 사당제3동,1159064000,24430,2006,1604,3205,3936,3784,3536,3465,2102,708,81,3,11837,1001,868,1516,1876,1936,1674,1630,990,324,20,2,12593,1005,736,1689,2060,1848,1862,1835,1112,384,61,1
서울특별시 동작구 사당제4동,1159065000,14162,689,712,2497,2404,1999,2019,2070,1226,472,66,8,6783,373,375,1146,1234,1048,919,934,539,198,17,0,7379,316,337,1351,1170,951,1100,1136,687,274,49,8
서울특별시 동작구 사당제5동,1159065100,14469,981,965,2125,2597,2234,2205,1854,1023,416,65,4,6959,508,481,1010,1304,1119,1041,854,461,165,15,1,7510,473,484,1115,1293,1115,1164,1000,562,251,50,3
서울특별시 동작구 대방동,1159066000,38030,2035,4001,6325,5225,6290,5965,4323,2531,1134,179,22,18038,1036,1946,2952,2575,3002,2989,1961,1076,438,57,6,19992,999,2055,3373,2650,3288,2976,2362,1455,696,122,16
서울특별시 동작구 신대방제1동,1159067000,23196,1408,2374,3342,3079,3779,3733,2988,1675,705,104,9,11127,728,1123,1599,1537,1774,1886,1407,755,291,25,2,12069,680,1251,1743,1542,2005,1847,1581,920,414,79,7
서울특별시 동작구 신대방제2동,1159068000,20736,1398,1735,3605,3416,3281,2882,2265,1461,617,75,1,9906,715,899,1616,1636,1641,1396,1066,643,276,18,0,10830,683,836,1989,1780,1640,1486,1199,818,341,57,1
서울특별시 관악구 ,1162000000,486427,20038,27225,108181,85627,65817,67015,60027,36685,14067,1651,94,244367,10272,13922,52545,47501,35203,33941,27954,16714,5893,402,20,242060,9766,13303,55636,38126,30614,33074,32073,19971,8174,1249,74
서울특별시 관악구 보라매동,1162052500,24428,1108,1424,4802,4023,3305,3403,3368,2105,781,106,3,12022,556,741,2293,2201,1725,1641,1548,975,317,25,0,12406,552,683,2509,1822,1580,1762,1820,1130,464,81,3
서울특별시 관악구 청림동,1162054500,15170,1174,1140,1796,2509,2419,2302,1968,1193,599,69,1,7384,615,582,922,1240,1225,1135,893,519,234,18,1,7786,559,558,874,1269,1194,1167,1075,674,365,51,0
서울특별시 관악구 성현동,1162056500,29259,1840,2821,3759,3707,4839,4765,3941,2467,993,121,6,14116,954,1463,1880,1860,2383,2325,1781,1069,362,38,1,15143,886,1358,1879,1847,2456,2440,2160,1398,631,83,5
서울특별시 관악구 행운동,1162057500,28979,1052,1315,7554,5936,3562,3466,3206,2075,729,78,6,14065,543,656,3380,3191,1854,1715,1473,906,326,19,2,14914,509,659,4174,2745,1708,1751,1733,1169,403,59,4
서울특별시 관악구 낙성대동,1162058500,16900,608,793,5542,3552,1970,1653,1392,968,384,35,3,8454,311,379,2626,1946,1057,864,666,441,151,11,2,8446,297,414,2916,1606,913,789,726,527,233,24,1
서울특별시 관악구 청룡동,1162059500,35417,1193,1548,11551,6963,3980,3793,3370,2164,760,92,3,17068,588,758,5126,3724,2074,1904,1550,991,325,27,1,18349,605,790,6425,3239,1906,1889,1820,1173,435,65,2
서울특별시 관악구 은천동,1162060500,33210,1905,2641,5359,5138,5088,4842,4389,2718,1012,114,4,16193,1002,1350,2516,2624,2622,2433,1987,1212,430,16,1,17017,903,1291,2843,2514,2466,2409,2402,1506,582,98,3
서울특별시 관악구 중앙동,1162061500,15131,390,557,4429,3031,1698,1754,1689,1106,434,38,5,7270,215,268,1858,1651,913,877,800,490,187,10,1,7861,175,289,2571,1380,785,877,889,616,247,28,4
서울특별시 관악구 인헌동,1162062500,25819,1024,1484,5819,4918,3472,3489,2996,1847,696,72,2,12571,533,764,2745,2565,1785,1695,1366,804,292,22,0,13248,491,720,3074,2353,1687,1794,1630,1043,404,50,2
서울특별시 관악구 남현동,1162063000,18142,904,788,3901,3663,2242,2552,2267,1300,466,56,3,8755,474,371,1766,1945,1144,1185,1018,603,235,14,0,9387,430,417,2135,1718,1098,1367,1249,697,231,42,3
서울특별시 관악구 서원동,1162064500,22610,637,809,6322,4649,2737,2743,2540,1538,569,61,5,11734,330,422,3232,2754,1499,1345,1159,738,238,16,1,10876,307,387,3090,1895,1238,1398,1381,800,331,45,4
서울특별시 관악구 신원동,1162065500,17873,513,800,4378,3167,2198,2394,2248,1510,593,68,4,9047,245,404,2260,1828,1188,1210,994,674,234,9,1,8826,268,396,2118,1339,1010,1184,1254,836,359,59,3
서울특별시 관악구 서림동,1162066500,23041,718,1031,5469,4565,3121,3094,2784,1579,602,73,5,12705,361,537,3047,2854,1908,1635,1340,750,261,12,0,10336,357,494,2422,1711,1213,1459,1444,829,341,61,5
서울특별시 관악구 신사동,1162068500,22546,748,1042,5825,3978,2805,3164,2680,1636,597,67,4,11338,397,553,2777,2267,1455,1585,1267,742,280,14,1,11208,351,489,3048,1711,1350,1579,1413,894,317,53,3
서울특별시 관악구 신림동,1162069500,22323,339,493,8621,5772,2473,1817,1517,918,335,33,5,11788,175,247,4179,3380,1436,1039,742,420,164,5,1,10535,164,246,4442,2392,1037,778,775,498,171,28,4
서울특별시 관악구 난향동,1162071500,15331,1091,1399,1724,1784,2848,2579,2105,1269,479,52,1,7505,536,716,882,858,1439,1322,959,585,194,13,1,7826,555,683,842,926,1409,1257,1146,684,285,39,0
서울특별시 관악구 조원동,1162072500,17268,611,809,4002,3226,2259,2363,2183,1244,506,63,2,8694,306,416,1789,1780,1184,1281,1082,611,223,22,0,8574,305,393,2213,1446,1075,1082,1101,633,283,41,2
서울특별시 관악구 대학동,1162073500,23459,659,949,5939,4855,3493,3211,2404,1306,579,64,0,14138,339,484,3466,3307,2368,2040,1256,600,260,18,0,9321,320,465,2473,1548,1125,1171,1148,706,319,46,0
서울특별시 관악구 삼성동,1162074500,22129,785,1382,2616,2442,3039,4024,4077,2529,1072,157,6,11079,414,730,1395,1390,1623,2040,1902,1129,414,41,1,11050,371,652,1221,1052,1416,1984,2175,1400,658,116,5
서울특별시 관악구 미성동,1162076500,30555,1595,2205,4736,4177,4504,4866,4715,2686,936,116,19,14964,809,1112,2334,2167,2317,2364,2169,1274,384,29,5,15591,786,1093,2402,2010,2187,2502,2546,1412,552,87,14
서울특별시 관악구 난곡동,1162077500,26837,1144,1795,4037,3572,3765,4741,4188,2527,945,116,7,13477,569,969,2072,1969,2004,2306,2002,1181,382,23,0,13360,575,826,1965,1603,1761,2435,2186,1346,563,93,7
서울특별시 서초구 ,1165000000,413363,31915,44569,52284,59772,75310,62606,48117,26781,10174,1738,97,197606,16397,22682,25093,27460,35262,31025,22198,12514,4483,467,25,215757,15518,21887,27191,32312,40048,31581,25919,14267,5691,1271,72
서울특별시 서초구 서초1동,1165051000,20563,1364,1890,2832,3458,3713,3018,2386,1308,500,93,1,9926,722,987,1357,1634,1761,1466,1134,624,210,31,0,10637,642,903,1475,1824,1952,1552,1252,684,290,62,1
서울특별시 서초구 서초2동,1165052000,26124,2339,2415,3482,4929,4829,3491,2629,1459,469,77,5,12486,1151,1275,1586,2217,2315,1750,1229,696,240,24,3,13638,1188,1140,1896,2712,2514,1741,1400,763,229,53,2
서울특별시 서초구 서초3동,1165053000,32400,1751,2816,5463,5486,5066,4941,3753,2153,836,125,10,15590,907,1599,2480,2562,2363,2442,1775,1053,367,37,5,16810,844,1217,2983,2924,2703,2499,1978,1100,469,88,5
서울특별시 서초구 서초4동,1165053100,30876,2813,4162,3509,3400,6183,4886,3136,1870,781,127,9,15032,1490,2162,1711,1440,2857,2564,1481,894,388,44,1,15844,1323,2000,1798,1960,3326,2322,1655,976,393,83,8
서울특별시 서초구 잠원동,1165054000,26774,1963,3377,3365,3401,5141,4582,2871,1380,574,112,8,12875,1023,1731,1642,1552,2327,2340,1357,640,231,29,3,13899,940,1646,1723,1849,2814,2242,1514,740,343,83,5
서울특별시 서초구 반포본동,1165055000,2810,134,466,340,226,551,533,294,187,68,7,4,1323,75,223,168,105,234,268,137,74,37,2,0,1487,59,243,172,121,317,265,157,113,31,5,4
서울특별시 서초구 반포1동,1165056000,34358,3259,3826,4198,5615,7073,4574,3338,1787,583,97,8,16722,1649,1924,1947,2625,3490,2439,1530,839,253,25,1,17636,1610,1902,2251,2990,3583,2135,1808,948,330,72,7
서울특별시 서초구 반포2동,1165057000,15750,1707,2834,1333,1320,3617,2224,1378,928,357,47,5,7510,901,1393,640,502,1623,1219,648,405,168,7,4,8240,806,1441,693,818,1994,1005,730,523,189,40,1
서울특별시 서초구 반포3동,1165058000,22166,1856,3025,2405,2439,4474,3626,2319,1352,555,106,9,10529,954,1551,1197,1084,1989,1845,1053,595,230,30,1,11637,902,1474,1208,1355,2485,1781,1266,757,325,76,8
서울특별시 서초구 반포4동,1165058100,19159,1626,2207,2215,2481,3577,2943,2333,1234,452,88,3,8985,831,1117,1075,1095,1598,1397,1061,584,198,28,1,10174,795,1090,1140,1386,1979,1546,1272,650,254,60,2
서울특별시 서초구 방배본동,1165059000,20915,1405,2819,2617,2329,3872,3510,2316,1302,636,102,7,9677,712,1314,1230,1019,1706,1758,1065,569,274,30,0,11238,693,1505,1387,1310,2166,1752,1251,733,362,72,7
서울특별시 서초구 방배1동,1165060000,16893,1073,1330,2344,2836,2736,2483,2165,1340,510,71,5,7899,551,702,1103,1300,1270,1134,964,614,233,24,4,8994,522,628,1241,1536,1466,1349,1201,726,277,47,1
서울특별시 서초구 방배2동,1165061000,19499,1118,1611,2584,2999,2994,3029,2881,1634,553,92,4,9152,567,814,1301,1365,1393,1388,1284,759,258,22,1,10347,551,797,1283,1634,1601,1641,1597,875,295,70,3
서울특별시 서초구 방배3동,1165062000,18786,1319,1845,2253,2467,2909,3094,2770,1462,566,97,4,9079,685,941,1156,1147,1345,1459,1323,722,271,30,0,9707,634,904,1097,1320,1564,1635,1447,740,295,67,4
서울특별시 서초구 방배4동,1165062100,23530,1582,2698,3039,3325,4326,3677,2457,1612,719,94,1,10720,781,1250,1335,1455,1933,1773,1132,712,333,16,0,12810,801,1448,1704,1870,2393,1904,1325,900,386,78,1
서울특별시 서초구 양재1동,1165065100,43170,3458,4356,5123,6329,7527,6230,5826,3017,1065,233,6,20622,1767,2239,2531,3036,3644,2985,2567,1395,406,52,0,22548,1691,2117,2592,3293,3883,3245,3259,1622,659,181,6
서울특별시 서초구 양재2동,1165065200,21967,1325,1560,3323,4253,3676,3344,2703,1301,398,81,3,10954,716,783,1670,2188,1880,1650,1273,619,162,13,0,11013,609,777,1653,2065,1796,1694,1430,682,236,68,3
서울특별시 서초구 내곡동,1165066000,17623,1823,1332,1859,2479,3046,2421,2562,1455,552,89,5,8525,915,677,964,1134,1534,1148,1185,720,224,23,1,9098,908,655,895,1345,1512,1273,1377,735,328,66,4
서울특별시 강남구 ,1168000000,533557,34748,59332,71079,77808,97801,81885,61506,34506,12540,2230,122,255319,17907,30958,33878,35819,45142,41074,28268,16282,5433,534,24,278238,16841,28374,37201,41989,52659,40811,33238,18224,7107,1696,98
서울특별시 강남구 신사동,1168051000,16024,902,1588,2103,2184,2761,2526,1838,1381,639,98,4,7442,475,783,963,972,1217,1240,842,608,312,30,0,8582,427,805,1140,1212,1544,1286,996,773,327,68,4
서울특별시 강남구 논현1동,1168052100,22187,653,853,4377,5508,3789,2820,2252,1331,518,80,6,10435,315,407,1942,2618,1861,1407,1009,623,225,28,0,11752,338,446,2435,2890,1928,1413,1243,708,293,52,6
서울특별시 강남구 논현2동,1168053100,21118,1033,1290,3420,4264,3787,2982,2235,1496,526,82,3,9878,534,657,1541,1940,1799,1459,990,704,231,22,1,11240,499,633,1879,2324,1988,1523,1245,792,295,60,2
서울특별시 강남구 압구정동,1168054500,26350,2015,2749,2965,3043,4577,4183,3229,2377,1039,163,10,12192,974,1338,1400,1307,2053,2044,1425,1108,495,48,0,14158,1041,1411,1565,1736,2524,2139,1804,1269,544,115,10
서울특별시 강남구 청담동,1168056500,25719,1964,2204,3562,4017,4611,3953,2995,1685,617,106,5,11985,1066,1143,1606,1701,2107,1877,1383,786,290,25,1,13734,898,1061,1956,2316,2504,2076,1612,899,327,81,4
서울특별시 강남구 삼성1동,1168058000,12932,810,1228,1739,1855,2103,2144,1704,945,342,59,3,6364,423,718,918,872,974,1041,775,471,155,16,1,6568,387,510,821,983,1129,1103,929,474,187,43,2
서울특별시 강남구 삼성2동,1168059000,30370,2270,3597,3861,4777,6312,4546,2604,1725,582,90,6,14541,1210,1994,1825,2099,2829,2317,1192,776,279,18,2,15829,1060,1603,2036,2678,3483,2229,1412,949,303,72,4
서울특별시 강남구 대치1동,1168060000,24256,1739,5432,2384,1390,5723,4011,2022,1107,371,71,6,12194,925,3060,1237,545,2463,2234,955,572,185,16,2,12062,814,2372,1147,845,3260,1777,1067,535,186,55,4
서울특별시 강남구 대치2동,1168061000,36470,2004,6075,4476,3178,6897,6496,4430,2216,596,100,2,18489,1080,3612,2449,1428,2956,3345,2195,1123,276,24,1,17981,924,2463,2027,1750,3941,3151,2235,1093,320,76,1
서울특별시 강남구 대치4동,1168063000,19914,676,2491,3336,3240,3927,3243,1580,1045,329,46,1,9399,330,1335,1587,1492,1663,1643,717,461,163,8,0,10515,346,1156,1749,1748,2264,1600,863,584,166,38,1
서울특별시 강남구 역삼1동,1168064000,35627,949,1458,7449,10024,6119,4199,3107,1621,604,88,9,17296,481,725,3205,4966,3110,2213,1526,756,294,19,1,18331,468,733,4244,5058,3009,1986,1581,865,310,69,8
서울특별시 강남구 역삼2동,1168065000,36008,2635,5518,4382,4802,8421,5208,2629,1750,580,76,7,16910,1317,2625,1866,2116,3880,2832,1179,794,282,19,0,19098,1318,2893,2516,2686,4541,2376,1450,956,298,57,7
서울특별시 강남구 도곡1동,1168065500,21480,1656,2371,2797,3002,3805,3430,2601,1243,480,91,4,10165,808,1101,1328,1336,1784,1698,1266,609,201,33,1,11315,848,1270,1469,1666,2021,1732,1335,634,279,58,3
서울특별시 강남구 도곡2동,1168065600,33189,2700,4771,3790,3270,6339,5545,3658,2160,809,145,2,15404,1350,2117,1726,1354,2764,2797,1751,1096,410,39,0,17785,1350,2654,2064,1916,3575,2748,1907,1064,399,106,2
서울특별시 강남구 개포1동,1168066000,6349,337,579,691,629,889,1009,1197,718,243,49,8,3083,182,291,351,290,416,505,555,372,110,10,1,3266,155,288,340,339,473,504,642,346,133,39,7
서울특별시 강남구 개포2동,1168067000,27694,2336,3461,3516,3227,4836,4776,3471,1542,434,90,5,13441,1221,1716,1776,1479,2232,2366,1652,798,185,15,1,14253,1115,1745,1740,1748,2604,2410,1819,744,249,75,4
서울특별시 강남구 개포4동,1168069000,23719,1663,2270,3220,3632,3947,3988,3139,1362,417,76,5,11491,847,1130,1621,1755,1863,1965,1460,647,184,18,1,12228,816,1140,1599,1877,2084,2023,1679,715,233,58,4
서울특별시 강남구 세곡동,1168070000,43367,3894,4717,5220,6237,7819,6044,5207,2680,1273,267,9,20496,1976,2335,2447,2873,3797,2918,2341,1294,451,59,5,22871,1918,2382,2773,3364,4022,3126,2866,1386,822,208,4
서울특별시 강남구 일원본동,1168072000,23293,2016,3328,2483,2709,4383,3741,2975,1139,402,111,6,11499,1105,1925,1298,1259,1984,1822,1369,569,149,19,0,11794,911,1403,1185,1450,2399,1919,1606,570,253,92,6
서울특별시 강남구 일원1동,1168073000,15089,679,1109,2076,2196,2058,2335,2594,1393,536,105,8,7396,343,629,1063,1160,1050,1133,1160,656,178,21,3,7693,336,480,1013,1036,1008,1202,1434,737,358,84,5
서울특별시 강남구 일원2동,1168074000,17566,1210,1695,1803,2492,3026,2580,2624,1581,472,76,7,8489,634,1043,972,1199,1462,1258,1111,650,144,15,1,9077,576,652,831,1293,1564,1322,1513,931,328,61,6
서울특별시 강남구 수서동,1168075000,14836,607,548,1429,2132,1672,2126,3415,2009,731,161,6,6730,311,274,757,1058,878,960,1415,809,234,32,2,8106,296,274,672,1074,794,1166,2000,1200,497,129,4
서울특별시 송파구 ,1171000000,658841,48537,57694,90706,106869,107206,101643,87451,41198,14894,2543,100,317596,24982,29520,43098,51019,51872,49313,41100,20105,5959,610,18,341245,23555,28174,47608,55850,55334,52330,46351,21093,8935,1933,82
서울특별시 송파구 풍납1동,1171051000,12923,624,811,1557,1782,1827,2211,2443,1146,460,60,2,6328,352,414,818,920,921,1069,1119,525,169,20,1,6595,272,397,739,862,906,1142,1324,621,291,40,1
서울특별시 송파구 풍납2동,1171052000,24904,1847,1979,3704,4079,3978,3632,3358,1641,597,87,2,11832,943,999,1639,1919,1934,1751,1588,802,236,20,1,13072,904,980,2065,2160,2044,1881,1770,839,361,67,1
서울특별시 송파구 거여1동,1171053100,12556,590,923,1789,1719,1778,2259,1992,1052,395,57,2,6344,312,473,944,913,883,1151,973,527,155,12,1,6212,278,450,845,806,895,1108,1019,525,240,45,1
서울특별시 송파구 거여2동,1171053200,18730,1245,1439,2160,2661,2878,3228,2859,1576,587,94,3,9213,648,776,1110,1361,1435,1569,1337,741,220,16,0,9517,597,663,1050,1300,1443,1659,1522,835,367,78,3
서울특별시 송파구 마천1동,1171054000,18971,832,1543,2256,2129,2642,3507,3311,1888,758,102,3,9687,437,803,1173,1169,1382,1856,1665,891,280,31,0,9284,395,740,1083,960,1260,1651,1646,997,478,71,3
서울특별시 송파구 마천2동,1171055000,18772,784,1258,2352,2160,2599,3534,3527,1740,714,102,2,9557,388,646,1282,1180,1378,1829,1755,794,291,14,0,9215,396,612,1070,980,1221,1705,1772,946,423,88,2
서울특별시 송파구 방이1동,1171056100,15721,992,1601,2380,2226,2484,2679,2065,862,363,65,4,7579,484,813,1215,1088,1138,1255,973,458,138,17,0,8142,508,788,1165,1138,1346,1424,1092,404,225,48,4
서울특별시 송파구 방이2동,1171056200,26631,1120,1213,5429,6242,3638,3602,3265,1533,513,75,1,12372,607,658,2185,2973,1818,1681,1481,736,212,21,0,14259,513,555,3244,3269,1820,1921,1784,797,301,54,1
서울특별시 송파구 오륜동,1171056600,18018,1178,2622,2108,1656,3146,3122,2616,1102,372,95,1,8817,635,1440,1123,682,1390,1539,1223,610,153,22,0,9201,543,1182,985,974,1756,1583,1393,492,219,73,1
서울특별시 송파구 오금동,1171057000,38626,2666,3066,5295,5458,5638,6799,5886,2558,1047,207,6,18730,1374,1649,2744,2688,2680,3144,2775,1266,367,42,1,19896,1292,1417,2551,2770,2958,3655,3111,1292,680,165,5
서울특별시 송파구 송파1동,1171058000,23885,1109,1289,4368,5298,3366,3316,3079,1477,500,83,0,11151,565,625,1941,2608,1575,1491,1396,697,230,23,0,12734,544,664,2427,2690,1791,1825,1683,780,270,60,0
서울특별시 송파구 송파2동,1171059000,19183,1496,1793,2616,2746,3005,3130,2733,1162,418,80,4,9234,773,885,1215,1313,1446,1507,1293,618,167,17,0,9949,723,908,1401,1433,1559,1623,1440,544,251,63,4
서울특별시 송파구 석촌동,1171060000,31611,1453,1848,5362,6808,4797,4628,3972,1979,669,89,6,15083,736,924,2473,3272,2372,2259,1814,909,298,25,1,16528,717,924,2889,3536,2425,2369,2158,1070,371,64,5
서울특별시 송파구 삼전동,1171061000,30340,1426,1924,5121,6385,4976,4356,3722,1746,572,108,4,14281,726,1007,2325,3056,2408,2045,1652,842,199,21,0,16059,700,917,2796,3329,2568,2311,2070,904,373,87,4
서울특별시 송파구 가락본동,1171062000,26286,1570,1765,3934,4588,3768,4574,3833,1543,613,95,3,13008,806,910,1915,2327,1881,2232,1891,760,256,28,2,13278,764,855,2019,2261,1887,2342,1942,783,357,67,1
서울특별시 송파구 가락1동,1171063100,27309,3076,2315,3124,4838,4499,3959,3605,1478,347,66,2,13238,1638,1143,1546,2253,2179,1862,1717,741,144,15,0,14071,1438,1172,1578,2585,2320,2097,1888,737,203,51,2
서울특별시 송파구 가락2동,1171063200,32352,2426,3404,4441,4672,5475,5227,4229,1701,663,109,5,15894,1255,1811,2220,2263,2639,2551,2007,860,258,29,1,16458,1171,1593,2221,2409,2836,2676,2222,841,405,80,4
서울특별시 송파구 문정1동,1171064100,20046,1240,1447,3077,3435,2828,3302,3012,1201,423,77,4,9937,642,754,1542,1787,1394,1549,1476,603,173,17,0,10109,598,693,1535,1648,1434,1753,1536,598,250,60,4
서울특별시 송파구 문정2동,1171064200,28944,1562,1420,5100,7284,4355,3515,3239,1660,682,121,6,13296,781,723,1958,3297,2084,1713,1532,846,314,44,4,15648,781,697,3142,3987,2271,1802,1707,814,368,77,2
서울특별시 송파구 장지동,1171064600,29553,2279,2619,3970,4623,4627,4802,4002,1791,687,143,10,14299,1159,1358,1973,2326,2293,2216,1888,834,230,22,0,15254,1120,1261,1997,2297,2334,2586,2114,957,457,121,10
서울특별시 송파구 위례동,1171064700,38427,6461,4841,3511,6774,7554,4550,2928,1261,439,103,5,18701,3303,2414,1716,3142,3802,2252,1319,605,138,10,0,19726,3158,2427,1795,3632,3752,2298,1609,656,301,93,5
서울특별시 송파구 잠실본동,1171065000,27952,1183,1681,4988,5984,4346,4029,3505,1623,529,80,4,13250,588,832,2210,2944,2115,1934,1622,764,217,23,1,14702,595,849,2778,3040,2231,2095,1883,859,312,57,3
서울특별시 송파구 잠실2동,1171067000,35105,3810,5744,3270,3566,8359,5114,2980,1664,527,66,5,16802,1951,2884,1546,1418,3887,2761,1339,780,220,16,0,18303,1859,2860,1724,2148,4472,2353,1641,884,307,50,5
서울특별시 송파구 잠실3동,1171068000,34343,3029,4017,3688,3948,6170,5241,4783,2563,763,137,4,16334,1577,2033,1781,1671,2845,2584,2209,1267,335,30,2,18009,1452,1984,1907,2277,3325,2657,2574,1296,428,107,2
서울특별시 송파구 잠실4동,1171069000,21309,2599,2444,1945,2736,4394,3003,2535,1197,378,76,2,10219,1322,1279,957,1116,2128,1477,1169,598,153,20,0,11090,1277,1165,988,1620,2266,1526,1366,599,225,56,2
서울특별시 송파구 잠실6동,1171071000,16777,1389,1726,1928,2126,2771,2661,2478,1149,452,91,6,7943,695,870,934,926,1283,1237,1190,576,194,35,3,8834,694,856,994,1200,1488,1424,1288,573,258,56,3
서울특별시 송파구 잠실7동,1171072000,9567,551,962,1233,946,1308,1663,1494,905,426,75,4,4467,285,397,613,407,582,799,697,455,212,20,0,5100,266,565,620,539,726,864,797,450,214,55,4
서울특별시 강동구 ,1174000000,463265,34498,38911,60711,71327,74925,71856,66446,31427,11217,1831,116,227436,17924,20545,29686,35314,37491,35301,31281,15135,4357,372,30,235829,16574,18366,31025,36013,37434,36555,35165,16292,6860,1459,86
서울특별시 강동구 강일동,1174051500,32719,3020,3637,3581,4652,5329,4706,4563,2202,858,166,5,15712,1592,1864,1819,2196,2610,2238,2013,1042,297,40,1,17007,1428,1773,1762,2456,2719,2468,2550,1160,561,126,4
서울특별시 강동구 상일제1동,1174052500,38941,5038,4050,3908,5906,7419,5427,4884,1725,488,92,4,19233,2605,2074,1998,2701,3757,2623,2374,906,181,13,1,19708,2433,1976,1910,3205,3662,2804,2510,819,307,79,3
서울특별시 강동구 상일제2동,1174052600,10130,860,1305,1508,1379,1550,1510,1030,622,306,56,4,4758,421,673,674,636,728,767,457,272,114,16,0,5372,439,632,834,743,822,743,573,350,192,40,4
서울특별시 강동구 명일제1동,1174053000,25869,2166,2441,3050,3971,4210,3986,3707,1645,574,116,3,12583,1097,1294,1557,1951,2004,1936,1700,803,222,18,1,13286,1069,1147,1493,2020,2206,2050,2007,842,352,98,2
서울특별시 강동구 명일제2동,1174054000,17523,1104,2471,2258,1927,3070,2713,2560,1013,319,85,3,8603,564,1371,1105,928,1367,1350,1237,546,120,15,0,8920,540,1100,1153,999,1703,1363,1323,467,199,70,3
서울특별시 강동구 고덕제1동,1174055000,24570,2712,3533,2217,2946,5305,3374,2797,1099,443,116,28,12470,1446,2001,1194,1365,2616,1739,1368,536,174,21,10,12100,1266,1532,1023,1581,2689,1635,1429,563,269,95,18
서울특별시 강동구 고덕제2동,1174056000,22184,2496,1989,2260,3704,3947,3236,2922,1155,401,72,2,11187,1289,1062,1189,1768,2032,1647,1419,601,161,18,1,10997,1207,927,1071,1936,1915,1589,1503,554,240,54,1
서울특별시 강동구 암사제1동,1174057000,34475,2005,2524,4725,4960,5386,5892,5142,2733,964,137,7,17107,1016,1301,2487,2579,2754,2896,2433,1238,375,26,2,17368,989,1223,2238,2381,2632,2996,2709,1495,589,111,5
서울특별시 강동구 암사제2동,1174058000,15167,1361,1022,1861,2813,2387,2253,1967,1077,381,43,2,7358,708,510,879,1383,1206,1097,891,511,165,7,1,7809,653,512,982,1430,1181,1156,1076,566,216,36,1
서울특별시 강동구 암사제3동,1174059000,17941,1852,1936,1915,2349,3260,2678,2419,1091,371,65,5,8797,948,1009,975,1070,1609,1309,1152,551,159,12,3,9144,904,927,940,1279,1651,1369,1267,540,212,53,2
서울특별시 강동구 천호제1동,1174060000,26780,1316,1693,3667,3923,3934,4493,4534,2286,800,130,4,13146,655,896,1803,2072,2053,2155,2116,1069,311,16,0,13634,661,797,1864,1851,1881,2338,2418,1217,489,114,4
서울특별시 강동구 천호제2동,1174061000,33182,1606,1727,4915,6085,4796,5340,5001,2637,948,126,1,16302,838,904,2245,3121,2466,2688,2415,1232,367,26,0,16880,768,823,2670,2964,2330,2652,2586,1405,581,100,1
서울특별시 강동구 천호제3동,1174062000,26545,1252,1226,4419,4870,3738,4138,4012,2047,746,91,6,12936,668,631,1914,2409,1926,2146,1969,969,286,17,1,13609,584,595,2505,2461,1812,1992,2043,1078,460,74,5
서울특별시 강동구 성내제1동,1174064000,19955,1501,1661,2748,3168,3283,3017,2677,1351,474,73,2,9644,803,833,1371,1519,1595,1429,1227,645,202,19,1,10311,698,828,1377,1649,1688,1588,1450,706,272,54,1
서울특별시 강동구 성내제2동,1174065000,23617,997,1126,3790,4201,3287,3755,3731,1914,726,81,9,11643,524,563,1726,2195,1715,1883,1788,920,307,19,3,11974,473,563,2064,2006,1572,1872,1943,994,419,62,6
서울특별시 강동구 성내제3동,1174066000,23126,1168,1709,3566,3455,3546,3938,3371,1700,588,80,5,11388,616,1003,1821,1790,1726,1892,1497,797,226,18,2,11738,552,706,1745,1665,1820,2046,1874,903,362,62,3
서울특별시 강동구 길동,1174068500,45698,2366,2814,6964,7391,6784,7281,7320,3409,1177,182,10,22333,1242,1467,3272,3784,3478,3522,3434,1641,452,39,2,23365,1124,1347,3692,3607,3306,3759,3886,1768,725,143,8
서울특별시 강동구 둔촌제1동,1174069000,134,3,6,16,13,25,20,30,12,4,4,1,76,2,3,9,8,11,12,18,7,4,2,0,58,1,3,7,5,14,8,12,5,0,2,1
서울특별시 강동구 둔촌제2동,1174070000,24709,1675,2041,3343,3614,3669,4099,3779,1709,649,116,15,12160,890,1086,1648,1839,1838,1972,1773,849,234,30,1,12549,785,955,1695,1775,1831,2127,2006,860,415,86,14
부산광역시  ,2600000000,3353627,220636,266474,417317,406584,502425,555462,548572,297407,122945,15294,511,1640867,113243,137268,216458,208566,253458,270587,258855,134376,44710,3255,91,1712760,107393,129206,200859,198018,248967,284875,289717,163031,78235,12039,420
부산광역시 중구 ,2611000000,40556,1139,1873,5830,4471,5128,6766,7897,4969,2151,321,11,19777,596,939,2838,2426,2808,3429,3759,2133,769,79,1,20779,543,934,2992,2045,2320,3337,4138,2836,1382,242,10
부산광역시 중구 중앙동,2611051000,2865,30,62,815,592,339,366,371,188,85,17,0,1376,15,36,318,287,193,197,197,92,39,2,0,1489,15,26,497,305,146,169,174,96,46,15,0
부산광역시 중구 동광동,2611052000,2684,70,90,290,234,313,477,560,428,189,33,0,1363,33,42,159,132,178,247,283,204,77,8,0,1321,37,48,131,102,135,230,277,224,112,25,0
부산광역시 중구 대청동,2611053000,6264,182,353,923,641,846,1022,1180,752,297,66,2,2934,96,161,443,341,443,485,560,290,103,12,0,3330,86,192,480,300,403,537,620,462,194,54,2
부산광역시 중구 보수동,2611054500,10555,332,528,1524,1119,1372,1794,2034,1216,566,68,2,5110,166,271,760,587,747,898,944,514,204,19,0,5445,166,257,764,532,625,896,1090,702,362,49,2
부산광역시 중구 부평동,2611056000,4526,94,186,550,460,548,770,1014,612,253,36,3,2140,53,102,260,258,296,375,443,268,80,5,0,2386,41,84,290,202,252,395,571,344,173,31,3
부산광역시 중구 광복동,2611057000,974,20,37,94,93,99,175,244,130,66,13,3,497,12,17,53,51,50,93,130,60,25,5,1,477,8,20,41,42,49,82,114,70,41,8,2
부산광역시 중구 남포동,2611058000,921,10,30,54,70,94,195,270,143,46,8,1,532,7,15,33,44,57,133,157,70,12,4,0,389,3,15,21,26,37,62,113,73,34,4,1
부산광역시 중구 영주제1동,2611059000,4706,161,190,845,654,633,696,779,504,213,31,0,2405,87,95,417,389,372,364,382,222,67,10,0,2301,74,95,428,265,261,332,397,282,146,21,0
부산광역시 중구 영주제2동,2611060000,7061,240,397,735,608,884,1271,1445,996,436,49,0,3420,127,200,395,337,472,637,663,413,162,14,0,3641,113,197,340,271,412,634,782,583,274,35,0
부산광역시 서구 ,2614000000,105406,5350,7086,13151,10591,14194,17142,19302,12240,5632,699,19,50990,2801,3622,6381,5427,7348,8835,9019,5356,2064,132,5,54416,2549,3464,6770,5164,6846,8307,10283,6884,3568,567,14
부산광역시 서구 동대신제1동,2614051000,5614,357,366,698,677,768,918,912,565,309,43,1,2744,200,187,349,365,404,470,407,244,110,8,0,2870,157,179,349,312,364,448,505,321,199,35,1
부산광역시 서구 동대신제2동,2614052000,7339,278,473,766,596,938,1251,1447,1013,513,63,1,3567,144,238,399,324,485,636,676,440,214,11,0,3772,134,235,367,272,453,615,771,573,299,52,1
부산광역시 서구 동대신제3동,2614053000,7691,411,508,1227,839,1038,1119,1301,805,386,56,1,3606,213,241,547,443,519,559,592,340,139,13,0,4085,198,267,680,396,519,560,709,465,247,43,1
부산광역시 서구 서대신제1동,2614054000,13729,1093,1094,1705,1752,2163,2085,1918,1247,584,88,0,6478,576,560,803,810,1054,1027,871,545,213,19,0,7251,517,534,902,942,1109,1058,1047,702,371,69,0
부산광역시 서구 서대신제3동,2614056000,8184,572,821,909,851,1294,1312,1294,731,345,53,2,3756,294,396,420,400,603,612,589,319,111,12,0,4428,278,425,489,451,691,700,705,412,234,41,2
부산광역시 서구 서대신제4동,2614057000,7767,600,759,879,826,1213,1244,1213,672,313,46,2,3738,331,391,462,372,579,606,571,295,123,7,1,4029,269,368,417,454,634,638,642,377,190,39,1
부산광역시 서구 부민동,2614059000,7563,413,535,1526,888,1015,1069,1155,623,293,42,4,3577,210,279,663,431,518,538,543,279,109,6,1,3986,203,256,863,457,497,531,612,344,184,36,3
부산광역시 서구 아미동,2614061500,6656,91,272,738,490,749,1126,1514,1058,554,60,4,3378,44,154,371,281,438,655,756,469,196,11,3,3278,47,118,367,209,311,471,758,589,358,49,1
부산광역시 서구 초장동,2614063000,4288,102,164,394,306,539,757,954,681,352,39,0,2175,51,76,221,178,314,436,478,307,108,6,0,2113,51,88,173,128,225,321,476,374,244,33,0
부산광역시 서구 충무동,2614064000,9864,452,498,1399,1100,1249,1665,1820,1157,480,44,0,4700,232,250,610,571,645,861,843,491,187,10,0,5164,220,248,789,529,604,804,977,666,293,34,0
부산광역시 서구 남부민제1동,2614065000,4882,130,179,440,424,547,866,1147,768,338,43,0,2471,66,95,233,239,325,479,543,351,132,8,0,2411,64,84,207,185,222,387,604,417,206,35,0
부산광역시 서구 남부민제2동,2614066000,9032,291,465,810,677,1101,1590,2023,1434,582,56,3,4506,149,259,449,375,601,882,965,620,198,8,0,4526,142,206,361,302,500,708,1058,814,384,48,3
부산광역시 서구 암남동,2614068000,12797,560,952,1660,1165,1580,2140,2604,1486,583,66,1,6294,291,496,854,638,863,1074,1185,656,224,13,0,6503,269,456,806,527,717,1066,1419,830,359,53,1
부산광역시 동구 ,2617000000,87770,4016,4833,10248,10404,11598,14299,16154,10675,4906,601,36,42946,2125,2499,5154,5487,6263,7364,7604,4608,1689,140,13,44824,1891,2334,5094,4917,5335,6935,8550,6067,3217,461,23
부산광역시 동구 초량제1동,2617051000,4991,148,278,716,560,730,814,875,596,251,23,0,2512,65,157,359,303,414,455,397,273,85,4,0,2479,83,121,357,257,316,359,478,323,166,19,0
부산광역시 동구 초량제2동,2617052000,5725,135,248,634,560,682,999,1199,835,361,62,10,2834,80,127,313,330,391,546,544,354,123,21,5,2891,55,121,321,230,291,453,655,481,238,41,5
부산광역시 동구 초량제3동,2617053000,13054,1236,797,1914,2692,2030,1789,1486,721,332,55,2,6358,662,414,833,1322,1049,899,716,340,108,14,1,6696,574,383,1081,1370,981,890,770,381,224,41,1
부산광역시 동구 초량제6동,2617055000,5987,154,382,584,478,761,1002,1195,898,458,65,10,2925,75,212,328,273,390,538,561,381,154,10,3,3062,79,170,256,205,371,464,634,517,304,55,7
부산광역시 동구 수정제1동,2617056000,4171,191,296,487,397,573,678,752,545,230,19,3,2032,107,153,255,213,295,354,336,223,94,2,0,2139,84,143,232,184,278,324,416,322,136,17,3
부산광역시 동구 수정제2동,2617057000,9844,401,524,1128,1123,1202,1643,1888,1302,569,63,1,4673,199,263,543,603,630,803,862,560,196,14,0,5171,202,261,585,520,572,840,1026,742,373,49,1
부산광역시 동구 수정제4동,2617059000,3909,91,193,351,290,425,673,808,699,334,45,0,1924,54,108,197,161,239,381,397,269,106,12,0,1985,37,85,154,129,186,292,411,430,228,33,0
부산광역시 동구 수정제5동,2617060000,5352,145,340,534,399,642,914,1095,855,375,52,1,2552,76,168,295,223,344,460,485,367,122,12,0,2800,69,172,239,176,298,454,610,488,253,40,1
부산광역시 동구 좌천동,2617064500,10802,430,572,1265,1086,1376,1785,2069,1478,673,64,4,5242,234,285,684,562,753,863,975,630,243,11,2,5560,196,287,581,524,623,922,1094,848,430,53,2
부산광역시 동구 범일제1동,2617065000,11834,319,593,1298,1167,1381,2044,2584,1571,795,79,3,5832,161,295,687,665,772,1055,1214,698,262,22,1,6002,158,298,611,502,609,989,1370,873,533,57,2
부산광역시 동구 범일제2동,2617066000,7730,407,368,911,1037,1099,1367,1456,730,317,38,0,3906,213,195,463,528,593,710,734,331,128,11,0,3824,194,173,448,509,506,657,722,399,189,27,0
부산광역시 동구 범일제5동,2617068000,4371,359,242,426,615,697,591,747,445,211,36,2,2156,199,122,197,304,393,300,383,182,68,7,1,2215,160,120,229,311,304,291,364,263,143,29,1
부산광역시 영도구 ,2620000000,110901,4893,7088,11539,10326,14576,18669,22353,14544,6174,704,35,54612,2490,3608,6329,5564,7620,9631,10684,6367,2171,144,4,56289,2403,3480,5210,4762,6956,9038,11669,8177,4003,560,31
부산광역시 영도구 남항동,2620053000,10852,380,508,1076,1038,1364,1869,2287,1565,671,93,1,5417,201,263,559,579,738,1052,1103,667,239,16,0,5435,179,245,517,459,626,817,1184,898,432,77,1
부산광역시 영도구 영선제1동,2620054000,3984,156,223,413,346,500,669,875,542,233,26,1,1916,82,108,215,176,269,319,396,253,93,5,0,2068,74,115,198,170,231,350,479,289,140,21,1
부산광역시 영도구 영선제2동,2620055000,8321,352,519,846,797,1007,1399,1651,1181,506,61,2,4031,180,267,473,425,499,686,779,514,193,15,0,4290,172,252,373,372,508,713,872,667,313,46,2
부산광역시 영도구 신선동,2620058500,8379,204,433,738,582,992,1478,1781,1393,706,69,3,4210,112,232,412,331,585,850,865,573,241,8,1,4169,92,201,326,251,407,628,916,820,465,61,2
부산광역시 영도구 봉래제1동,2620059000,6760,311,377,660,658,898,1069,1450,872,407,55,3,3333,167,184,351,359,489,563,688,385,132,15,0,3427,144,193,309,299,409,506,762,487,275,40,3
부산광역시 영도구 봉래제2동,2620060500,7897,498,520,756,877,1152,1268,1335,1035,421,34,1,3846,236,257,398,464,601,668,615,441,158,8,0,4051,262,263,358,413,551,600,720,594,263,26,1
부산광역시 영도구 청학제1동,2620063000,6140,315,402,546,556,879,981,1212,860,339,49,1,3005,170,208,290,290,464,509,573,373,116,12,0,3135,145,194,256,266,415,472,639,487,223,37,1
부산광역시 영도구 청학제2동,2620064000,17655,901,1359,1807,1721,2483,3031,3381,2053,827,89,3,8746,454,717,975,946,1253,1535,1605,942,305,14,0,8909,447,642,832,775,1230,1496,1776,1111,522,75,3
부산광역시 영도구 동삼제1동,2620065000,27586,1350,2060,3322,2664,3728,4746,5307,3007,1249,145,8,13474,658,1033,1838,1408,1851,2304,2559,1363,425,34,1,14112,692,1027,1484,1256,1877,2442,2748,1644,824,111,7
부산광역시 영도구 동삼제2동,2620066000,3374,154,178,548,287,443,451,662,471,159,19,2,1791,84,89,355,157,260,246,326,211,56,6,1,1583,70,89,193,130,183,205,336,260,103,13,1
부산광역시 영도구 동삼제3동,2620067000,9953,272,509,827,800,1130,1708,2412,1565,656,64,10,4843,146,250,463,429,611,899,1175,645,213,11,1,5110,126,259,364,371,519,809,1237,920,443,53,9
부산광역시 부산진구 ,2623000000,353769,20198,24130,51150,47129,50227,56739,57299,31707,13631,1533,26,170491,10243,12230,24756,24057,25434,27567,26806,14118,4952,325,3,183278,9955,11900,26394,23072,24793,29172,30493,17589,8679,1208,23
부산광역시 부산진구 부전제1동,2623051000,15923,625,567,3542,2586,1782,2441,2452,1298,573,57,0,7960,300,306,1562,1381,1002,1340,1242,602,214,11,0,7963,325,261,1980,1205,780,1101,1210,696,359,46,0
부산광역시 부산진구 부전제2동,2623052000,9897,635,464,1907,1722,1509,1502,1345,560,207,45,1,4948,337,231,918,917,806,743,652,261,72,11,0,4949,298,233,989,805,703,759,693,299,135,34,1
부산광역시 부산진구 연지동,2623054000,20638,1413,1782,2056,2246,3279,3232,3545,2111,871,102,1,9738,689,912,1055,1142,1564,1507,1583,923,337,26,0,10900,724,870,1001,1104,1715,1725,1962,1188,534,76,1
부산광역시 부산진구 초읍동,2623055000,22154,1269,1566,2158,2368,3119,3614,4070,2714,1143,130,3,10681,653,876,1130,1206,1570,1761,1812,1220,425,27,1,11473,616,690,1028,1162,1549,1853,2258,1494,718,103,2
부산광역시 부산진구 양정제1동,2623056000,20073,1120,1456,2760,2471,2872,3512,3197,1753,831,99,2,9444,561,728,1358,1194,1404,1652,1504,733,281,29,0,10629,559,728,1402,1277,1468,1860,1693,1020,550,70,2
부산광역시 부산진구 양정제2동,2623057000,12007,488,522,2932,2148,1629,1498,1426,896,419,47,2,5480,254,244,1154,1011,836,761,658,385,167,9,1,6527,234,278,1778,1137,793,737,768,511,252,38,1
부산광역시 부산진구 전포제1동,2623060000,21834,1408,1289,4549,4331,3071,2694,2365,1400,645,81,1,10454,715,636,1988,2227,1568,1330,1114,611,246,19,0,11380,693,653,2561,2104,1503,1364,1251,789,399,62,1
부산광역시 부산진구 전포제2동,2623061000,20925,881,1144,3433,2935,2874,3053,3410,2151,959,84,1,9812,460,570,1588,1466,1383,1487,1546,935,366,11,0,11113,421,574,1845,1469,1491,1566,1864,1216,593,73,1
부산광역시 부산진구 부암제1동,2623064000,22991,1888,1885,2570,3035,3756,3775,3360,1928,716,74,4,11235,1005,951,1301,1484,1900,1841,1591,891,251,19,1,11756,883,934,1269,1551,1856,1934,1769,1037,465,55,3
부산광역시 부산진구 부암제3동,2623066000,17498,1065,1840,1888,1603,2792,3253,2890,1513,590,61,3,8606,548,927,1052,817,1344,1596,1398,698,217,9,0,8892,517,913,836,786,1448,1657,1492,815,373,52,3
부산광역시 부산진구 당감제1동,2623067000,23088,1088,1874,2769,2306,3222,4276,4235,2166,1010,140,2,11037,528,960,1490,1209,1570,2017,1984,929,326,24,0,12051,560,914,1279,1097,1652,2259,2251,1237,684,116,2
부산광역시 부산진구 당감제2동,2623068000,10292,720,680,1287,1607,1485,1465,1696,935,385,32,0,4901,358,353,611,801,746,697,755,416,157,7,0,5391,362,327,676,806,739,768,941,519,228,25,0
부산광역시 부산진구 당감제4동,2623070000,11329,636,862,1233,1224,1670,2154,1988,1054,460,48,0,5539,333,420,668,644,850,1039,969,450,158,8,0,5790,303,442,565,580,820,1115,1019,604,302,40,0
부산광역시 부산진구 가야제1동,2623071000,19273,809,1191,3042,2183,2617,3197,3446,1956,761,71,0,9634,395,598,1651,1177,1431,1596,1617,883,279,7,0,9639,414,593,1391,1006,1186,1601,1829,1073,482,64,0
부산광역시 부산진구 가야제2동,2623072000,16874,953,1358,2065,1805,2328,2814,3037,1763,662,88,1,8201,478,689,1098,935,1157,1335,1374,836,272,27,0,8673,475,669,967,870,1171,1479,1663,927,390,61,1
부산광역시 부산진구 개금제1동,2623074000,16748,1160,980,3108,2652,2388,2486,2209,1186,528,51,0,8036,592,465,1367,1367,1249,1231,1005,547,200,13,0,8712,568,515,1741,1285,1139,1255,1204,639,328,38,0
부산광역시 부산진구 개금제2동,2623075000,10993,580,806,1498,1110,1442,1906,1946,1154,508,43,0,5366,277,404,801,608,734,928,911,511,184,8,0,5627,303,402,697,502,708,978,1035,643,324,35,0
부산광역시 부산진구 개금제3동,2623076000,28912,1758,2400,3489,3310,4069,5138,5282,2301,1039,124,2,13950,910,1205,1828,1642,2033,2389,2523,1052,342,26,0,14962,848,1195,1661,1668,2036,2749,2759,1249,697,98,2
부산광역시 부산진구 범천제1동,2623077000,11981,506,442,2430,2366,1546,1644,1684,881,424,58,0,5632,235,219,1011,1207,784,830,807,372,153,14,0,6349,271,223,1419,1159,762,814,877,509,271,44,0
부산광역시 부산진구 범천제2동,2623078000,20339,1196,1022,2434,3121,2777,3085,3716,1987,900,98,3,9837,615,536,1125,1622,1503,1487,1761,863,305,20,0,10502,581,486,1309,1499,1274,1598,1955,1124,595,78,3
부산광역시 동래구 ,2626000000,266570,18676,24598,31258,31680,42352,43349,41943,22718,8851,1108,37,129568,9663,12777,16291,15935,20742,20679,19387,10437,3399,250,8,137002,9013,11821,14967,15745,21610,22670,22556,12281,5452,858,29
부산광역시 동래구 수민동,2626051000,32611,2530,2798,3738,4210,5052,5237,5093,2719,1099,134,1,15822,1270,1506,1981,2103,2511,2437,2322,1247,413,32,0,16789,1260,1292,1757,2107,2541,2800,2771,1472,686,102,1
부산광역시 동래구 복산동,2626052000,9548,311,585,989,828,1161,1672,2021,1289,604,85,3,4646,164,312,540,457,610,825,954,549,217,18,0,4902,147,273,449,371,551,847,1067,740,387,67,3
부산광역시 동래구 명륜동,2626054500,24786,2517,3305,2414,2862,5043,3657,2751,1523,628,85,1,12179,1319,1814,1238,1337,2418,1819,1277,689,250,18,0,12607,1198,1491,1176,1525,2625,1838,1474,834,378,67,1
부산광역시 동래구 온천제1동,2626055000,19876,1008,1123,3179,3325,3045,3042,2688,1648,730,80,8,9405,507,558,1411,1679,1471,1493,1258,718,286,22,2,10471,501,565,1768,1646,1574,1549,1430,930,444,58,6
부산광역시 동래구 온천제2동,2626056000,14715,783,1410,1673,1342,2043,2427,2594,1579,741,123,0,7059,379,726,911,707,967,1148,1200,697,294,30,0,7656,404,684,762,635,1076,1279,1394,882,447,93,0
부산광역시 동래구 온천제3동,2626057000,38597,2494,2797,5316,5211,5588,6493,6177,3196,1183,138,4,18903,1285,1481,2708,2699,2792,3036,2901,1458,504,39,0,19694,1209,1316,2608,2512,2796,3457,3276,1738,679,99,4
부산광역시 동래구 사직제1동,2626058000,10615,771,994,1238,1305,1736,1648,1521,925,427,50,0,5088,396,478,650,654,839,812,663,415,172,9,0,5527,375,516,588,651,897,836,858,510,255,41,0
부산광역시 동래구 사직제2동,2626059000,27434,2476,4010,3028,2593,5496,4538,3286,1467,473,65,2,13230,1255,1924,1637,1220,2535,2231,1574,691,159,4,0,14204,1221,2086,1391,1373,2961,2307,1712,776,314,61,2
부산광역시 동래구 사직제3동,2626060000,17496,1465,1832,1787,1858,3205,2611,2560,1571,545,62,0,8678,831,1036,935,888,1602,1305,1155,706,209,11,0,8818,634,796,852,970,1603,1306,1405,865,336,51,0
부산광역시 동래구 안락제1동,2626074000,14619,767,952,1622,1646,1955,2462,2895,1620,623,70,7,7191,414,509,861,872,1000,1191,1331,750,248,12,3,7428,353,443,761,774,955,1271,1564,870,375,58,4
부산광역시 동래구 안락제2동,2626075000,27277,1776,2776,3031,3017,4211,4675,4600,2280,805,100,6,13277,921,1420,1656,1526,2019,2184,2143,1101,281,25,1,14000,855,1356,1375,1491,2192,2491,2457,1179,524,75,5
부산광역시 동래구 명장제1동,2626076100,14092,951,1018,1511,1637,1928,2367,2672,1440,509,55,4,6817,486,483,808,818,1006,1083,1227,692,200,12,2,7275,465,535,703,819,922,1284,1445,748,309,43,2
부산광역시 동래구 명장제2동,2626076200,14904,827,998,1732,1846,1889,2520,3085,1461,484,61,1,7273,436,530,955,975,972,1115,1382,724,166,18,0,7631,391,468,777,871,917,1405,1703,737,318,43,1
부산광역시 남구 ,2629000000,262856,16741,22579,34407,28449,40580,42229,41529,25078,10049,1175,40,128411,8527,11625,18142,14647,20336,20676,19128,11191,3879,254,6,134445,8214,10954,16265,13802,20244,21553,22401,13887,6170,921,34
부산광역시 남구 대연제1동,2629051000,15894,477,920,3621,1843,2012,2223,2360,1687,685,63,3,8022,232,470,1984,1066,1070,1111,1024,741,308,16,0,7872,245,450,1637,777,942,1112,1336,946,377,47,3
부산광역시 남구 대연제3동,2629053000,32835,2611,3179,6521,4019,5615,4645,3515,1851,763,111,5,16058,1342,1641,3331,2007,2749,2233,1588,847,299,20,1,16777,1269,1538,3190,2012,2866,2412,1927,1004,464,91,4
부산광역시 남구 대연제4동,2629054000,12375,1017,873,1175,1636,1870,1826,2025,1347,552,52,2,6054,525,465,617,824,1000,881,922,591,216,13,0,6321,492,408,558,812,870,945,1103,756,336,39,2
부산광역시 남구 대연제5동,2629055000,16987,1034,1380,2757,1967,2566,2520,2464,1588,643,67,1,8159,544,712,1310,989,1269,1231,1116,695,276,16,1,8828,490,668,1447,978,1297,1289,1348,893,367,51,0
부산광역시 남구 대연제6동,2629056000,15442,1708,1585,1650,2034,2798,2250,1890,1071,402,53,1,7426,842,813,842,970,1363,1071,848,501,163,13,0,8016,866,772,808,1064,1435,1179,1042,570,239,40,1
부산광역시 남구 용호제1동,2629057000,44369,3220,5061,4808,3914,7500,7963,6578,3627,1491,204,3,21310,1603,2575,2594,1855,3476,3829,3122,1618,585,53,0,23059,1617,2486,2214,2059,4024,4134,3456,2009,906,151,3
부산광역시 남구 용호제2동,2629058000,16889,1343,1776,1609,1701,2779,2670,2809,1584,534,78,6,8264,677,914,881,857,1366,1306,1297,767,189,9,1,8625,666,862,728,844,1413,1364,1512,817,345,69,5
부산광역시 남구 용호제3동,2629059000,12250,471,854,1347,1074,1620,2090,2551,1590,585,66,2,5924,232,433,738,595,838,1002,1139,728,205,14,0,6326,239,421,609,479,782,1088,1412,862,380,52,2
부산광역시 남구 용호제4동,2629060000,8547,478,634,893,991,1302,1335,1627,914,323,42,8,4109,261,313,461,518,666,629,708,412,123,15,3,4438,217,321,432,473,636,706,919,502,200,27,5
부산광역시 남구 용당동,2629061000,8271,488,764,1039,803,1232,1497,1360,768,284,34,2,4176,250,398,597,433,612,764,673,326,118,5,0,4095,238,366,442,370,620,733,687,442,166,29,2
부산광역시 남구 감만제1동,2629062000,13019,587,913,1400,1284,1842,2175,2611,1542,609,56,0,6654,312,483,810,721,1016,1112,1268,694,226,12,0,6365,275,430,590,563,826,1063,1343,848,383,44,0
부산광역시 남구 감만제2동,2629063000,6773,262,470,635,598,1005,1106,1329,947,386,34,1,3322,129,262,352,324,536,582,572,404,155,6,0,3451,133,208,283,274,469,524,757,543,231,28,1
부산광역시 남구 우암동,2629064500,12862,562,872,1237,1176,1762,2086,2704,1710,657,94,2,6345,310,450,690,627,953,1044,1232,782,242,15,0,6517,252,422,547,549,809,1042,1472,928,415,79,2
부산광역시 남구 문현제1동,2629068000,13658,705,1152,1648,1259,2049,2455,2331,1424,577,58,0,6654,376,592,882,640,1031,1205,1105,611,203,9,0,7004,329,560,766,619,1018,1250,1226,813,374,49,0
부산광역시 남구 문현제2동,2629069000,8600,350,380,1232,1343,1154,1274,1393,929,491,52,2,4239,184,202,540,739,633,678,686,400,166,11,0,4361,166,178,692,604,521,596,707,529,325,41,2
부산광역시 남구 문현제3동,2629070000,15708,1125,1276,1860,2023,2412,2613,2356,1409,570,64,0,7612,558,638,986,1041,1200,1270,1067,625,212,15,0,8096,567,638,874,982,1212,1343,1289,784,358,49,0
부산광역시 남구 문현제4동,2629071000,8377,303,490,975,784,1062,1501,1626,1090,497,47,2,4083,150,264,527,441,558,728,761,449,193,12,0,4294,153,226,448,343,504,773,865,641,304,35,2
부산광역시 북구 ,2632000000,283584,18455,22492,35825,33743,39852,52548,48593,22096,8837,1112,31,140023,9496,11716,19164,17638,19862,24822,23896,10172,3045,210,2,143561,8959,10776,16661,16105,19990,27726,24697,11924,5792,902,29
부산광역시 북구 구포제1동,2632051000,16023,870,762,2045,2290,1955,2992,3107,1388,542,70,2,8069,427,371,1069,1255,1071,1468,1542,658,191,16,1,7954,443,391,976,1035,884,1524,1565,730,351,54,1
부산광역시 북구 구포제2동,2632052000,25325,1302,1675,3380,3076,3355,4916,4746,2034,756,81,4,12957,685,885,1839,1699,1786,2414,2378,978,282,11,0,12368,617,790,1541,1377,1569,2502,2368,1056,474,70,4
부산광역시 북구 구포제3동,2632052100,19699,815,1410,2811,1872,2699,4169,3690,1632,530,68,3,10156,420,761,1618,1062,1393,2091,1838,753,212,8,0,9543,395,649,1193,810,1306,2078,1852,879,318,60,3
부산광역시 북구 금곡동,2632053000,38076,1975,2941,4326,3683,4942,7309,6987,3698,2001,212,2,18381,1014,1523,2311,1978,2419,3405,3534,1553,595,49,0,19695,961,1418,2015,1705,2523,3904,3453,2145,1406,163,2
부산광역시 북구 화명제1동,2632054100,41686,3887,4348,5463,5213,6428,8099,5683,1851,619,91,4,20452,1996,2250,2903,2497,2984,3712,2979,914,205,12,0,21234,1891,2098,2560,2716,3444,4387,2704,937,414,79,4
부산광역시 북구 화명제2동,2632054200,17081,1192,1376,2396,2096,2211,3422,2626,1184,506,70,2,8349,633,694,1304,1088,1063,1546,1308,529,168,15,1,8732,559,682,1092,1008,1148,1876,1318,655,338,55,1
부산광역시 북구 화명제3동,2632054300,29786,2457,3751,3802,3147,5254,5423,3367,1752,734,97,2,14563,1248,1976,1999,1503,2419,2651,1653,788,299,27,0,15223,1209,1775,1803,1644,2835,2772,1714,964,435,70,2
부산광역시 북구 덕천제1동,2632055000,11163,380,484,1373,1281,1244,1968,2432,1301,611,83,6,5504,182,262,744,726,660,971,1134,595,209,21,0,5659,198,222,629,555,584,997,1298,706,402,62,6
부산광역시 북구 덕천제2동,2632056000,12065,421,571,1771,1521,1448,2177,2448,1176,464,68,0,6010,221,292,925,885,772,1050,1176,528,150,11,0,6055,200,279,846,636,676,1127,1272,648,314,57,0
부산광역시 북구 덕천제3동,2632056100,10784,399,625,1345,1068,1437,1889,2167,1298,503,52,1,5277,214,328,724,586,789,920,1002,551,155,8,0,5507,185,297,621,482,648,969,1165,747,348,44,1
부산광역시 북구 만덕제1동,2632057100,16644,1428,1005,1783,3051,2280,2575,2838,1243,394,45,2,8184,733,523,881,1606,1184,1147,1359,610,138,3,0,8460,695,482,902,1445,1096,1428,1479,633,256,42,2
부산광역시 북구 만덕제2동,2632057200,26537,2170,2275,3039,3238,4076,4356,4631,1990,663,98,1,13019,1114,1180,1599,1626,2046,2036,2200,962,239,17,0,13518,1056,1095,1440,1612,2030,2320,2431,1028,424,81,1
부산광역시 북구 만덕제3동,2632057300,18715,1159,1269,2291,2207,2523,3253,3871,1549,514,77,2,9102,609,671,1248,1127,1276,1411,1793,753,202,12,0,9613,550,598,1043,1080,1247,1842,2078,796,312,65,2
부산광역시 해운대구 ,2635000000,397071,27221,36985,47160,45293,64123,69457,60082,31147,13734,1815,54,190933,14029,19047,24585,22219,30567,33061,28237,13863,4913,400,12,206138,13192,17938,22575,23074,33556,36396,31845,17284,8821,1415,42
부산광역시 해운대구 우제1동,2635051000,22509,1233,1548,2954,2822,3335,3838,3700,2140,817,118,4,10693,612,785,1434,1424,1599,1801,1676,997,340,24,1,11816,621,763,1520,1398,1736,2037,2024,1143,477,94,3
부산광역시 해운대구 우제2동,2635052000,30623,2812,3035,3359,3681,5147,5389,4032,2102,922,139,5,14585,1460,1556,1719,1706,2337,2574,1878,978,352,24,1,16038,1352,1479,1640,1975,2810,2815,2154,1124,570,115,4
부산광역시 해운대구 우제3동,2635052500,28893,2895,3161,2741,3386,5045,4809,4002,1885,839,127,3,13679,1491,1586,1430,1472,2338,2210,1881,888,348,34,1,15214,1404,1575,1311,1914,2707,2599,2121,997,491,93,2
부산광역시 해운대구 중제1동,2635053000,27679,2162,2528,3403,3541,4730,4866,3603,1877,864,102,3,13315,1140,1311,1736,1677,2209,2343,1692,840,341,25,1,14364,1022,1217,1667,1864,2521,2523,1911,1037,523,77,2
부산광역시 해운대구 중제2동,2635054000,15910,1225,1189,1648,2193,2720,2780,2538,1118,413,79,7,7581,586,626,853,1041,1329,1298,1171,501,155,19,2,8329,639,563,795,1152,1391,1482,1367,617,258,60,5
부산광역시 해운대구 좌제1동,2635055100,18137,1168,1988,2724,2096,3124,3215,1968,1103,666,83,2,8449,588,1046,1281,986,1343,1563,939,436,232,34,1,9688,580,942,1443,1110,1781,1652,1029,667,434,49,1
부산광역시 해운대구 좌제2동,2635055200,32110,1992,2789,5029,4438,4882,5716,4091,1959,1067,145,2,14775,1019,1416,2358,2110,2175,2536,1938,797,386,39,1,17335,973,1373,2671,2328,2707,3180,2153,1162,681,106,1
부산광역시 해운대구 좌제3동,2635055300,16195,1034,1770,1901,1640,2458,2954,2343,1230,752,111,2,7606,515,919,1029,798,1080,1364,1096,500,275,29,1,8589,519,851,872,842,1378,1590,1247,730,477,82,1
부산광역시 해운대구 좌제4동,2635055400,23170,1688,2913,2856,2441,3898,4284,2857,1365,765,101,2,10989,898,1467,1499,1154,1704,2007,1397,565,275,22,1,12181,790,1446,1357,1287,2194,2277,1460,800,490,79,1
부산광역시 해운대구 송정동,2635056000,9868,472,479,1131,1203,1323,1685,2011,1012,484,66,2,4758,256,262,618,645,701,775,897,440,154,10,0,5110,216,217,513,558,622,910,1114,572,330,56,2
부산광역시 해운대구 반여제1동,2635057000,34611,2505,4037,4083,3522,5990,6273,4843,2293,929,134,2,17079,1288,2120,2224,1705,2788,3115,2393,1084,332,30,0,17532,1217,1917,1859,1817,3202,3158,2450,1209,597,104,2
부산광역시 해운대구 반여제2동,2635058000,12721,462,587,1366,1479,1664,2319,2562,1579,644,57,2,6184,220,310,770,817,899,1114,1159,676,206,13,0,6537,242,277,596,662,765,1205,1403,903,438,44,2
부산광역시 해운대구 반여제3동,2635059000,8605,216,470,931,768,1066,1624,1890,1097,499,44,0,4224,122,253,520,458,581,801,846,469,166,8,0,4381,94,217,411,310,485,823,1044,628,333,36,0
부산광역시 해운대구 반여제4동,2635059500,16135,1219,1525,1981,1903,2566,2907,2586,1046,357,43,2,7963,642,773,1058,961,1287,1352,1241,529,113,7,0,8172,577,752,923,942,1279,1555,1345,517,244,36,2
부산광역시 해운대구 반송제1동,2635061000,13869,340,687,1559,1097,1659,2594,2873,2052,911,93,4,6956,163,351,876,663,937,1370,1413,835,332,16,0,6913,177,336,683,434,722,1224,1460,1217,579,77,4
부산광역시 해운대구 반송제2동,2635062000,23305,821,1387,2294,1830,3037,4021,5168,3201,1354,187,5,11331,431,739,1284,1015,1665,1965,2430,1345,424,32,1,11974,390,648,1010,815,1372,2056,2738,1856,930,155,4
부산광역시 해운대구 재송제1동,2635065000,37936,3783,4977,4116,4456,7727,5605,4388,2108,679,94,3,18645,1981,2554,2168,2119,3669,2787,2062,1032,255,18,0,19291,1802,2423,1948,2337,4058,2818,2326,1076,424,76,3
부산광역시 해운대구 재송제2동,2635066000,24795,1194,1915,3084,2797,3752,4578,4627,1980,772,92,4,12121,617,973,1728,1468,1926,2086,2128,951,227,16,1,12674,577,942,1356,1329,1826,2492,2499,1029,545,76,3
부산광역시 사하구 ,2638000000,306421,18447,24568,38363,35126,44792,53302,53248,26889,10308,1344,34,152471,9508,12684,20575,18699,22985,26176,25558,12371,3658,250,7,153950,8939,11884,17788,16427,21807,27126,27690,14518,6650,1094,27
부산광역시 사하구 괴정제1동,2638051000,19557,993,1548,2196,2141,2626,3356,3544,2117,903,129,4,9389,522,808,1147,1126,1293,1539,1616,998,314,26,0,10168,471,740,1049,1015,1333,1817,1928,1119,589,103,4
부산광역시 사하구 괴정제2동,2638052000,14046,808,1104,1535,1429,2127,2242,2625,1551,557,66,2,6869,416,542,806,753,1102,1112,1205,723,201,9,0,7177,392,562,729,676,1025,1130,1420,828,356,57,2
부산광역시 사하구 괴정제3동,2638053000,12497,494,732,1397,1442,1585,2078,2625,1482,593,69,0,5983,261,379,722,772,848,990,1162,627,206,16,0,6514,233,353,675,670,737,1088,1463,855,387,53,0
부산광역시 사하구 괴정제4동,2638054000,12297,717,942,1427,1306,1778,2015,2335,1239,477,59,2,5973,387,456,778,666,882,957,1055,586,196,10,0,6324,330,486,649,640,896,1058,1280,653,281,49,2
부산광역시 사하구 당리동,2638055000,26580,1518,2239,3313,2877,3779,4671,4820,2371,873,118,1,12993,780,1169,1728,1517,1861,2134,2294,1161,321,28,0,13587,738,1070,1585,1360,1918,2537,2526,1210,552,90,1
부산광역시 사하구 하단제1동,2638056100,21516,1134,1626,3508,2814,2931,3589,3518,1655,660,79,2,10742,571,819,1832,1587,1493,1713,1699,761,257,8,2,10774,563,807,1676,1227,1438,1876,1819,894,403,71,0
부산광역시 사하구 하단제2동,2638056200,25381,1358,1952,5140,3195,3471,4048,3687,1796,656,73,5,12646,722,950,2801,1748,1787,1911,1668,795,250,12,2,12735,636,1002,2339,1447,1684,2137,2019,1001,406,61,3
부산광역시 사하구 신평제1동,2638057100,16976,1049,1106,1804,2009,2481,3076,3148,1620,613,67,3,8777,549,584,1001,1151,1344,1639,1565,724,206,13,1,8199,500,522,803,858,1137,1437,1583,896,407,54,2
부산광역시 사하구 신평제2동,2638057200,15763,1012,1294,2043,2076,2372,2873,2611,1055,364,63,0,7894,534,674,1061,1108,1216,1378,1258,516,135,14,0,7869,478,620,982,968,1156,1495,1353,539,229,49,0
부산광역시 사하구 장림제1동,2638058000,10748,867,940,1044,1367,1934,1748,1606,913,304,25,0,5563,444,495,573,712,1077,962,782,415,99,4,0,5185,423,445,471,655,857,786,824,498,205,21,0
부산광역시 사하구 장림제2동,2638059000,27357,1761,2383,3375,3443,4357,4796,4520,2021,626,74,1,13913,922,1245,1801,1880,2261,2397,2218,949,230,10,0,13444,839,1138,1574,1563,2096,2399,2302,1072,396,64,1
부산광역시 사하구 다대제1동,2638060100,38898,2777,3859,4395,4076,6277,7033,6126,2971,1207,177,0,19490,1395,2051,2445,2034,3104,3540,3119,1359,402,41,0,19408,1382,1808,1950,2042,3173,3493,3007,1612,805,136,0
부산광역시 사하구 다대제2동,2638060200,27345,1595,2311,3176,2544,3884,5187,5106,2344,1048,145,5,13437,812,1185,1776,1292,1885,2545,2541,1032,342,26,1,13908,783,1126,1400,1252,1999,2642,2565,1312,706,119,4
부산광역시 사하구 구평동,2638061000,12887,1391,940,1436,2305,2027,2008,1778,749,209,42,2,6578,732,513,732,1198,1075,1014,866,371,74,3,0,6309,659,427,704,1107,952,994,912,378,135,39,2
부산광역시 사하구 감천제1동,2638062000,18624,848,1365,2063,1709,2478,3467,3896,1982,719,95,2,9168,408,701,1069,915,1334,1681,1857,926,257,20,0,9456,440,664,994,794,1144,1786,2039,1056,462,75,2
부산광역시 사하구 감천제2동,2638063000,5949,125,227,511,393,685,1115,1303,1023,499,63,5,3056,53,113,303,240,423,664,653,428,168,10,1,2893,72,114,208,153,262,451,650,595,331,53,4
부산광역시 금정구 ,2641000000,228936,12214,17282,32264,24372,31319,39194,39792,21939,9329,1193,38,111882,6265,8917,17411,12770,15562,18710,18557,9977,3439,269,5,117054,5949,8365,14853,11602,15757,20484,21235,11962,5890,924,33
부산광역시 금정구 서제1동,2641051000,5337,84,239,483,416,691,1008,1277,761,346,32,0,2750,46,134,273,264,414,538,608,344,126,3,0,2587,38,105,210,152,277,470,669,417,220,29,0
부산광역시 금정구 서제2동,2641052000,9253,281,463,1063,901,1098,1784,2177,1065,384,36,1,4619,142,234,579,482,599,902,1036,504,134,7,0,4634,139,229,484,419,499,882,1141,561,250,29,1
부산광역시 금정구 서제3동,2641053000,11249,322,522,1210,1095,1309,2162,2533,1481,561,53,1,5620,166,258,681,623,723,1081,1206,657,216,9,0,5629,156,264,529,472,586,1081,1327,824,345,44,1
부산광역시 금정구 금사회동동,2641055500,7907,244,349,764,722,924,1497,1951,1043,376,35,2,4161,139,178,425,418,550,782,995,528,140,6,0,3746,105,171,339,304,374,715,956,515,236,29,2
부산광역시 금정구 부곡제1동,2641057000,8275,286,408,819,783,1051,1385,1761,1218,505,58,1,3979,155,205,443,433,585,678,784,509,170,16,1,4296,131,203,376,350,466,707,977,709,335,42,0
부산광역시 금정구 부곡제2동,2641058000,17988,964,1532,2633,1986,2634,3070,2870,1525,676,96,2,8598,512,785,1334,1018,1248,1439,1315,678,242,27,0,9390,452,747,1299,968,1386,1631,1555,847,434,69,2
부산광역시 금정구 부곡제3동,2641059000,15868,1070,1313,2190,1880,2255,2730,2534,1196,608,90,2,7634,558,660,1126,988,1068,1294,1156,550,213,20,1,8234,512,653,1064,892,1187,1436,1378,646,395,70,1
부산광역시 금정구 부곡제4동,2641059100,12893,502,778,1486,1404,1725,2208,2638,1557,538,56,1,6200,251,436,786,746,896,1021,1162,695,198,9,0,6693,251,342,700,658,829,1187,1476,862,340,47,1
부산광역시 금정구 장전제1동,2641060000,18133,831,1200,5925,2020,2168,2204,2022,1181,515,66,1,9411,386,608,3447,1138,1120,1070,907,515,207,13,0,8722,445,592,2478,882,1048,1134,1115,666,308,53,1
부산광역시 금정구 장전제2동,2641061000,26825,2518,2512,3250,3535,4680,3727,3464,2050,925,155,9,12941,1317,1393,1685,1709,2298,1728,1538,909,343,20,1,13884,1201,1119,1565,1826,2382,1999,1926,1141,582,135,8
부산광역시 금정구 선두구동,2641063500,2335,72,92,213,203,229,461,555,322,167,20,1,1253,45,56,114,125,132,243,315,152,65,6,0,1082,27,36,99,78,97,218,240,170,102,14,1
부산광역시 금정구 청룡노포동,2641066500,9767,479,673,1009,918,1154,1752,1946,1227,539,68,2,4776,250,354,584,474,548,835,890,593,221,27,0,4991,229,319,425,444,606,917,1056,634,318,41,2
부산광역시 금정구 남산동,2641067000,29035,1089,1934,4445,2918,3462,5446,5316,2975,1293,151,6,14147,562,972,2388,1580,1710,2581,2503,1319,497,34,1,14888,527,962,2057,1338,1752,2865,2813,1656,796,117,5
부산광역시 금정구 구서제1동,2641068000,19757,1290,1922,2444,2222,2988,3580,3062,1510,662,75,2,9392,658,939,1273,1100,1408,1637,1444,696,220,17,0,10365,632,983,1171,1122,1580,1943,1618,814,442,58,2
부산광역시 금정구 구서제2동,2641069000,33259,2121,3219,4253,3296,4792,6020,5463,2713,1184,192,6,15894,1052,1637,2229,1639,2187,2797,2590,1274,436,52,1,17365,1069,1582,2024,1657,2605,3223,2873,1439,748,140,5
부산광역시 금정구 금성동,2641070000,1055,61,126,77,73,159,160,223,115,50,10,1,507,26,68,44,33,76,84,108,54,11,3,0,548,35,58,33,40,83,76,115,61,39,7,1
부산광역시 강서구 ,2644000000,142768,19795,12848,12615,26960,25867,17170,17031,7160,2830,469,23,73971,10269,6534,6908,13712,14360,8918,8605,3588,980,91,6,68797,9526,6314,5707,13248,11507,8252,8426,3572,1850,378,17
부산광역시 강서구 대저1동,2644051000,6558,179,265,586,567,662,1188,1671,972,406,60,2,3602,84,143,344,331,417,674,932,513,152,12,0,2956,95,122,242,236,245,514,739,459,254,48,2
부산광역시 강서구 대저2동,2644052000,7078,474,467,837,873,909,1054,1366,710,334,52,2,3974,257,249,553,513,553,609,742,366,126,5,1,3104,217,218,284,360,356,445,624,344,208,47,1
부산광역시 강서구 강동동,2644053000,4229,78,122,326,334,332,790,1322,618,258,46,3,2264,44,62,211,200,213,426,716,303,79,9,1,1965,34,60,115,134,119,364,606,315,179,37,2
부산광역시 강서구 명지1동,2644053500,52926,9703,4652,4522,12996,9984,4858,4176,1431,514,81,9,26647,4982,2282,2267,6374,5468,2346,1999,737,173,16,3,26279,4721,2370,2255,6622,4516,2512,2177,694,341,65,6
부산광역시 강서구 명지2동,2644054500,30402,4872,4451,2363,4613,6887,3393,2582,897,287,56,1,15164,2542,2275,1223,2081,3496,1742,1242,443,103,16,1,15238,2330,2176,1140,2532,3391,1651,1340,454,184,40,0
부산광역시 강서구 가락동,2644055000,2351,53,58,179,191,193,427,619,403,194,32,2,1252,25,35,103,117,122,244,325,206,68,7,0,1099,28,23,76,74,71,183,294,197,126,25,2
부산광역시 강서구 녹산동,2644056000,35290,4316,2697,3497,7023,6465,4666,4273,1645,609,99,0,19005,2270,1422,2017,3873,3832,2461,2133,779,198,20,0,16285,2046,1275,1480,3150,2633,2205,2140,866,411,79,0
부산광역시 강서구 가덕도동,2644058000,3934,120,136,305,363,435,794,1022,484,228,43,4,2063,65,66,190,223,259,416,516,241,81,6,0,1871,55,70,115,140,176,378,506,243,147,37,4
부산광역시 연제구 ,2647000000,205742,13790,16176,24846,25975,31283,33395,33427,18475,7471,879,25,99042,6936,8317,12610,13061,15408,15818,15345,8429,2913,199,6,106700,6854,7859,12236,12914,15875,17577,18082,10046,4558,680,19
부산광역시 연제구 거제제1동,2647061000,29336,2368,3556,3233,2879,5403,4815,3725,2306,941,104,6,14174,1235,1868,1716,1357,2489,2372,1685,1014,411,25,2,15162,1133,1688,1517,1522,2914,2443,2040,1292,530,79,4
부산광역시 연제구 거제제2동,2647062000,12258,983,1563,1278,1183,2276,1973,1668,918,375,40,1,5844,448,746,652,575,1073,988,786,421,147,7,1,6414,535,817,626,608,1203,985,882,497,228,33,0
부산광역시 연제구 거제제3동,2647063000,10018,464,672,1086,1085,1276,1616,1849,1254,637,79,0,4748,247,358,529,554,643,758,831,557,247,24,0,5270,217,314,557,531,633,858,1018,697,390,55,0
부산광역시 연제구 거제제4동,2647064000,10462,649,984,1192,1068,1598,1791,1817,923,379,60,1,5128,332,536,646,567,761,843,849,443,138,12,1,5334,317,448,546,501,837,948,968,480,241,48,0
부산광역시 연제구 연산제1동,2647065000,16646,1239,1251,1786,2176,2533,2652,2914,1494,545,53,3,8126,634,677,955,1101,1260,1233,1350,681,216,18,1,8520,605,574,831,1075,1273,1419,1564,813,329,35,2
부산광역시 연제구 연산제2동,2647066000,20872,1982,1277,2346,3496,3153,3127,2946,1733,706,103,3,10030,996,620,1208,1702,1579,1468,1340,824,266,27,0,10842,986,657,1138,1794,1574,1659,1606,909,440,76,3
부산광역시 연제구 연산제3동,2647067000,7248,221,372,752,741,902,1228,1601,1014,382,34,1,3471,125,185,397,399,454,582,728,451,142,8,0,3777,96,187,355,342,448,646,873,563,240,26,1
부산광역시 연제구 연산제4동,2647068000,16185,629,884,2268,1922,2164,2652,3182,1731,672,80,1,7796,305,440,1078,1024,1106,1292,1445,810,273,23,0,8389,324,444,1190,898,1058,1360,1737,921,399,57,1
부산광역시 연제구 연산제5동,2647069000,16607,733,656,3393,3136,2315,2402,2228,1223,488,31,2,7929,359,357,1401,1599,1215,1175,1049,562,207,5,0,8678,374,299,1992,1537,1100,1227,1179,661,281,26,2
부산광역시 연제구 연산제6동,2647070000,16754,1024,984,1797,2270,2247,2573,3038,1892,837,90,2,8078,503,519,977,1164,1205,1216,1348,812,316,18,0,8676,521,465,820,1106,1042,1357,1690,1080,521,72,2
부산광역시 연제구 연산제8동,2647072000,14143,1183,1115,1499,1784,2219,2357,2348,1195,395,48,0,6879,597,557,799,870,1127,1127,1101,551,141,9,0,7264,586,558,700,914,1092,1230,1247,644,254,39,0
부산광역시 연제구 연산제9동,2647073000,35213,2315,2862,4216,4235,5197,6209,6111,2792,1114,157,5,16839,1155,1454,2252,2149,2496,2764,2833,1303,409,23,1,18374,1160,1408,1964,2086,2701,3445,3278,1489,705,134,4
부산광역시 수영구 ,2650000000,175389,9920,11455,23819,23577,25013,27159,29026,17292,7174,917,37,82790,5097,5911,11472,11747,12341,12622,12844,7739,2767,241,9,92599,4823,5544,12347,11830,12672,14537,16182,9553,4407,676,28
부산광역시 수영구 남천제1동,2650066000,13852,692,1148,1785,1612,1962,2479,2142,1282,639,107,4,6378,327,592,866,791,914,1139,943,533,239,32,2,7474,365,556,919,821,1048,1340,1199,749,400,75,2
부산광역시 수영구 남천제2동,2650067000,12082,824,1171,1258,1190,1914,2146,1974,1092,431,75,7,5654,422,605,648,569,858,957,899,510,173,12,1,6428,402,566,610,621,1056,1189,1075,582,258,63,6
부산광역시 수영구 수영동,2650073000,14731,575,655,1717,1698,1869,2257,2980,1997,880,98,5,7058,302,344,857,885,1004,1086,1301,910,347,22,0,7673,273,311,860,813,865,1171,1679,1087,533,76,5
부산광역시 수영구 망미제1동,2650074000,27479,1621,1915,2951,3265,3770,4214,5199,3056,1312,175,1,13134,853,984,1548,1612,1882,1950,2309,1425,513,58,0,14345,768,931,1403,1653,1888,2264,2890,1631,799,117,1
부산광역시 수영구 망미제2동,2650075000,10767,630,754,1156,1290,1586,1800,1934,1164,407,45,1,5296,332,408,634,688,822,863,869,506,169,5,0,5471,298,346,522,602,764,937,1065,658,238,40,1
부산광역시 수영구 광안제1동,2650076000,25912,1153,1514,5132,4134,3511,3527,3700,2230,879,126,6,12052,601,815,2213,2067,1732,1612,1621,1016,338,35,2,13860,552,699,2919,2067,1779,1915,2079,1214,541,91,4
부산광역시 수영구 광안제2동,2650077000,18705,1033,1214,2889,2786,2799,2739,2683,1755,721,77,9,8696,519,608,1337,1385,1362,1271,1174,730,282,25,3,10009,514,606,1552,1401,1437,1468,1509,1025,439,52,6
부산광역시 수영구 광안제3동,2650078000,9587,258,394,1992,1456,1173,1283,1599,1009,386,36,1,4527,128,197,860,762,597,649,742,436,146,10,0,5060,130,197,1132,694,576,634,857,573,240,26,1
부산광역시 수영구 광안제4동,2650079000,13744,936,916,1666,2051,2114,2094,2076,1236,601,53,1,6229,491,451,772,982,959,936,863,543,219,13,0,7515,445,465,894,1069,1155,1158,1213,693,382,40,1
부산광역시 수영구 민락동,2650080000,28530,2198,1774,3273,4095,4315,4620,4739,2471,918,125,2,13766,1122,907,1737,2006,2211,2159,2123,1130,341,29,1,14764,1076,867,1536,2089,2104,2461,2616,1341,577,96,1
부산광역시 사상구 ,2653000000,208727,11370,14453,27871,24345,28496,39050,38446,17665,6348,649,34,105299,5820,7505,14823,13163,15016,19479,19049,8161,2173,108,2,103428,5550,6948,13048,11182,13480,19571,19397,9504,4175,541,32
부산광역시 사상구 삼락동,2653058000,5818,228,278,618,563,658,1225,1303,667,254,23,1,3112,125,145,357,313,379,704,694,303,90,2,0,2706,103,133,261,250,279,521,609,364,164,21,1
부산광역시 사상구 모라제1동,2653059100,28047,1473,1922,3523,3282,3668,5260,5504,2470,834,94,17,13989,737,1018,1868,1767,1885,2576,2644,1179,296,19,0,14058,736,904,1655,1515,1783,2684,2860,1291,538,75,17
부산광역시 사상구 모라제3동,2653059300,10455,241,402,788,712,1206,2010,2537,1695,798,63,3,4992,125,204,468,395,724,1060,1179,620,208,9,0,5463,116,198,320,317,482,950,1358,1075,590,54,3
부산광역시 사상구 덕포제1동,2653060000,8688,455,616,1022,943,1177,1716,1605,832,297,25,0,4447,234,328,597,519,618,902,778,361,106,4,0,4241,221,288,425,424,559,814,827,471,191,21,0
부산광역시 사상구 덕포제2동,2653061000,12954,677,927,1625,1438,1700,2493,2582,1119,345,46,2,6572,342,486,875,767,921,1190,1298,555,130,7,1,6382,335,441,750,671,779,1303,1284,564,215,39,1
부산광역시 사상구 괘법동,2653062000,22408,1019,1006,4335,3297,2716,4065,3842,1601,474,49,4,11602,523,538,2073,1846,1508,2143,2000,784,182,5,0,10806,496,468,2262,1451,1208,1922,1842,817,292,44,4
부산광역시 사상구 감전동,2653064500,13351,497,657,1537,1547,1667,2677,2841,1410,460,56,2,7086,261,352,833,902,969,1457,1472,652,180,7,1,6265,236,305,704,645,698,1220,1369,758,280,49,1
부산광역시 사상구 주례제1동,2653065000,15207,909,1082,2019,1737,1987,3002,2841,1168,415,47,0,7769,475,563,1093,942,1025,1456,1456,589,165,5,0,7438,434,519,926,795,962,1546,1385,579,250,42,0
부산광역시 사상구 주례제2동,2653066000,23153,1365,1811,3953,3012,3374,3751,3487,1678,653,67,2,11591,678,926,2027,1626,1762,1803,1731,785,241,12,0,11562,687,885,1926,1386,1612,1948,1756,893,412,55,2
부산광역시 사상구 주례제3동,2653066100,13166,681,1044,1751,1467,1755,2368,2469,1108,482,41,0,6438,359,528,926,793,882,1086,1180,508,167,9,0,6728,322,516,825,674,873,1282,1289,600,315,32,0
부산광역시 사상구 학장동,2653067000,28336,1742,2171,3278,3180,4245,5246,5294,2300,797,80,3,14160,889,1149,1819,1675,2202,2533,2576,1042,252,23,0,14176,853,1022,1459,1505,2043,2713,2718,1258,545,57,3
부산광역시 사상구 엄궁동,2653068000,27144,2083,2537,3422,3167,4343,5237,4141,1617,539,58,0,13541,1072,1268,1887,1618,2141,2569,2041,783,156,6,0,13603,1011,1269,1535,1549,2202,2668,2100,834,383,52,0
부산광역시 기장군 ,2671000000,177161,18411,18028,16971,24143,33025,24994,22450,12813,5520,775,31,87661,9378,9337,9019,12014,16806,12800,10377,5866,1899,163,2,89500,9033,8691,7952,12129,16219,12194,12073,6947,3621,612,29
부산광역시 기장군 기장읍,2671025000,52880,3010,4280,6175,5662,7937,9453,8563,5105,2362,322,11,25772,1592,2230,3271,2999,3952,4692,3988,2170,812,66,0,27108,1418,2050,2904,2663,3985,4761,4575,2935,1550,256,11
부산광역시 기장군 장안읍,2671025300,8588,417,395,986,1055,955,1509,1702,939,532,93,5,4621,219,220,591,625,573,859,875,477,160,21,1,3967,198,175,395,430,382,650,827,462,372,72,4
부산광역시 기장군 정관읍,2671025600,81893,11360,11023,6627,12300,18903,8896,7082,4045,1456,196,5,40442,5780,5716,3345,5855,9582,4665,3037,1892,534,36,0,41451,5580,5307,3282,6445,9321,4231,4045,2153,922,160,5
부산광역시 기장군 일광면,2671031000,25862,3282,1884,2500,4482,4244,3798,3279,1614,671,103,5,12804,1626,941,1389,2197,2157,1892,1602,760,216,23,1,13058,1656,943,1111,2285,2087,1906,1677,854,455,80,4
부산광역시 기장군 철마면,2671033000,7938,342,446,683,644,986,1338,1824,1110,499,61,5,4022,161,230,423,338,542,692,875,567,177,17,0,3916,181,216,260,306,444,646,949,543,322,44,5
대구광역시  ,2700000000,2388230,168602,218976,310800,285532,372803,419916,341719,177394,82243,9968,277,1177136,86359,114148,165492,149695,184070,205615,162609,77848,29102,2154,44,1211094,82243,104828,145308,135837,188733,214301,179110,99546,53141,7814,233
대구광역시 중구 ,2711000000,74793,5011,5017,11386,10575,10548,11031,10239,7030,3464,470,22,35927,2566,2536,5450,5458,5341,5491,4727,2964,1271,120,3,38866,2445,2481,5936,5117,5207,5540,5512,4066,2193,350,19
대구광역시 중구 동인동,2711051700,8158,287,460,1432,1109,1042,1248,1208,867,433,65,7,4071,129,228,710,605,575,678,593,366,168,18,1,4087,158,232,722,504,467,570,615,501,265,47,6
대구광역시 중구 삼덕동,2711054500,6601,401,383,1789,1246,889,701,626,349,191,25,1,3130,206,188,781,671,457,337,263,151,68,8,0,3471,195,195,1008,575,432,364,363,198,123,17,1
대구광역시 중구 성내1동,2711056500,4827,142,216,1396,756,502,590,584,401,196,42,2,2312,76,107,586,426,262,319,292,163,71,9,1,2515,66,109,810,330,240,271,292,238,125,33,1
대구광역시 중구 성내2동,2711057500,4378,107,188,797,544,464,688,763,544,241,42,0,2203,55,88,380,334,253,372,380,237,94,10,0,2175,52,100,417,210,211,316,383,307,147,32,0
대구광역시 중구 성내3동,2711058500,4813,570,213,520,934,704,641,650,388,173,18,2,2421,280,111,270,464,392,315,332,193,62,2,0,2392,290,102,250,470,312,326,318,195,111,16,2
대구광역시 중구 대신동,2711059500,7858,829,522,790,1244,1192,1192,1110,646,292,40,1,3829,415,288,413,604,620,559,529,272,119,10,0,4029,414,234,377,640,572,633,581,374,173,30,1
대구광역시 중구 남산1동,2711064000,4852,243,278,858,624,634,748,715,493,234,25,0,2328,129,134,407,321,323,388,335,214,72,5,0,2524,114,144,451,303,311,360,380,279,162,20,0
대구광역시 중구 남산2동,2711065000,6247,636,434,789,1048,938,895,705,522,239,38,3,2967,302,201,367,512,474,457,332,225,90,7,0,3280,334,233,422,536,464,438,373,297,149,31,3
대구광역시 중구 남산3동,2711066000,6707,507,547,671,861,1106,1000,970,670,335,39,1,3097,283,272,327,426,530,479,406,259,104,11,0,3610,224,275,344,435,576,521,564,411,231,28,1
대구광역시 중구 남산4동,2711067000,11497,782,1048,1219,1254,1781,1821,1722,1192,604,71,3,5373,426,562,633,618,854,834,725,500,206,15,0,6124,356,486,586,636,927,987,997,692,398,56,3
대구광역시 중구 대봉1동,2711068000,6916,452,597,910,784,1013,1182,864,655,404,53,2,3236,234,282,451,384,471,580,391,251,170,21,1,3680,218,315,459,400,542,602,473,404,234,32,1
대구광역시 중구 대봉2동,2711069000,1939,55,131,215,171,283,325,322,303,122,12,0,960,31,75,125,93,130,173,149,133,47,4,0,979,24,56,90,78,153,152,173,170,75,8,0
대구광역시 동구 ,2714000000,341114,24020,26193,40612,43169,50786,56488,53589,30676,13972,1567,42,167733,12236,13715,21570,22983,26021,27591,24853,13392,5020,340,12,173381,11784,12478,19042,20186,24765,28897,28736,17284,8952,1227,30
대구광역시 동구 신암1동,2714051000,8217,392,423,931,900,1025,1382,1485,1032,579,68,0,4100,202,243,502,537,558,709,706,423,211,9,0,4117,190,180,429,363,467,673,779,609,368,59,0
대구광역시 동구 신암2동,2714052000,10391,909,857,969,1310,1792,1548,1444,1005,501,54,2,4913,479,460,507,643,907,741,615,371,174,15,1,5478,430,397,462,667,885,807,829,634,327,39,1
대구광역시 동구 신암3동,2714053000,11461,1242,719,1184,2020,1646,1704,1554,932,418,40,2,5657,646,389,591,1047,848,828,709,426,166,7,0,5804,596,330,593,973,798,876,845,506,252,33,2
대구광역시 동구 신암4동,2714054000,11528,339,583,1705,1343,1475,2198,2103,1226,494,60,2,5813,178,315,870,776,814,1147,980,530,182,20,1,5715,161,268,835,567,661,1051,1123,696,312,40,1
대구광역시 동구 신암5동,2714054100,6360,202,376,737,549,781,1186,1307,805,387,29,1,3005,93,202,414,299,405,559,559,331,138,5,0,3355,109,174,323,250,376,627,748,474,249,24,1
대구광역시 동구 신천1.2동,2714055500,12985,695,867,1514,1440,1840,2183,2180,1464,716,86,0,6161,365,467,809,746,946,1018,942,577,268,23,0,6824,330,400,705,694,894,1165,1238,887,448,63,0
대구광역시 동구 신천3동,2714057000,11733,831,996,1464,1425,1809,2093,1657,918,487,51,2,5790,437,572,775,737,858,1042,796,383,178,12,0,5943,394,424,689,688,951,1051,861,535,309,39,2
대구광역시 동구 신천4동,2714058000,7355,154,332,1276,1075,906,1240,1244,749,347,30,2,3670,73,186,599,608,535,634,570,336,123,5,1,3685,81,146,677,467,371,606,674,413,224,25,1
대구광역시 동구 효목1동,2714059000,13793,461,775,1729,1361,1612,2501,2762,1711,811,68,2,6868,268,422,941,780,863,1238,1284,727,325,19,1,6925,193,353,788,581,749,1263,1478,984,486,49,1
대구광역시 동구 효목2동,2714060000,13278,642,927,1660,1458,1857,2236,2383,1401,627,84,3,6353,306,465,875,806,930,1057,1065,590,234,24,1,6925,336,462,785,652,927,1179,1318,811,393,60,2
대구광역시 동구 도평동,2714061500,4012,166,216,570,432,433,706,767,466,227,29,0,2133,76,124,382,261,243,357,394,207,84,5,0,1879,90,92,188,171,190,349,373,259,143,24,0
대구광역시 동구 불로.봉무동,2714062000,21419,2125,2323,2174,2607,3982,3274,2819,1441,585,86,3,10521,1053,1188,1177,1292,1979,1598,1347,661,210,16,0,10898,1072,1135,997,1315,2003,1676,1472,780,375,70,3
대구광역시 동구 지저동,2714064000,14486,607,863,1842,1458,1722,2801,2950,1540,643,58,2,7219,305,450,1024,836,933,1368,1380,695,215,13,0,7267,302,413,818,622,789,1433,1570,845,428,45,2
대구광역시 동구 동촌동,2714065500,15609,780,867,2093,1833,1970,2816,2854,1603,714,79,0,7848,403,451,1148,1040,1063,1359,1389,712,264,19,0,7761,377,416,945,793,907,1457,1465,891,450,60,0
대구광역시 동구 방촌동,2714067000,18847,865,1269,2405,1790,2308,3623,3528,2003,965,87,4,9080,434,672,1313,953,1175,1673,1603,889,347,21,0,9767,431,597,1092,837,1133,1950,1925,1114,618,66,4
대구광역시 동구 해안동,2714068500,15142,701,888,1862,1561,1887,2750,2874,1781,750,85,3,7594,350,489,1025,890,1018,1418,1345,792,249,17,1,7548,351,399,837,671,869,1332,1529,989,501,68,2
대구광역시 동구 안심1동,2714072000,42496,3439,3665,5003,5360,6674,6823,6526,3288,1519,194,5,20810,1791,1936,2630,2795,3381,3342,2985,1434,482,33,1,21686,1648,1729,2373,2565,3293,3481,3541,1854,1037,161,4
대구광역시 동구 안심2동,2714073000,11075,611,617,1329,1316,1389,2131,2052,1110,463,54,3,5557,306,329,729,724,756,1038,967,491,202,12,3,5518,305,288,600,592,633,1093,1085,619,261,42,0
대구광역시 동구 안심3동,2714074200,21186,2265,2703,2206,2883,4183,2945,2037,1329,574,60,1,10241,1133,1336,1100,1416,2008,1520,907,589,215,17,0,10945,1132,1367,1106,1467,2175,1425,1130,740,359,43,1
대구광역시 동구 안심4동,2714074700,29143,2347,2910,3741,3970,4820,4739,3790,1945,798,82,1,14400,1202,1485,1991,2105,2357,2313,1783,867,278,18,1,14743,1145,1425,1750,1865,2463,2426,2007,1078,520,64,0
대구광역시 동구 혁신동,2714075500,18844,2921,1577,1853,4456,3658,1778,1591,725,245,38,2,9316,1486,793,864,2276,1950,812,734,314,82,5,0,9528,1435,784,989,2180,1708,966,857,411,163,33,2
대구광역시 동구 공산동,2714076000,21754,1326,1440,2365,2622,3017,3831,3682,2202,1122,145,2,10684,650,741,1304,1416,1494,1820,1793,1047,393,25,1,11070,676,699,1061,1206,1523,2011,1889,1155,729,120,1
대구광역시 서구 ,2717000000,165208,6870,10186,20110,16810,21428,32449,32025,17236,7317,755,22,82574,3547,5282,10998,9536,11551,16386,15041,7547,2560,124,2,82634,3323,4904,9112,7274,9877,16063,16984,9689,4757,631,20
대구광역시 서구 내당1동,2717051000,8464,291,470,1290,930,1016,1601,1578,872,382,33,1,4178,161,265,679,520,546,739,721,404,135,8,0,4286,130,205,611,410,470,862,857,468,247,25,1
대구광역시 서구 내당2.3동,2717052500,9831,292,479,1195,937,1189,1920,2004,1198,571,46,0,4743,150,253,606,543,669,958,895,470,191,8,0,5088,142,226,589,394,520,962,1109,728,380,38,0
대구광역시 서구 내당4동,2717054000,16657,663,1143,2301,1967,2156,2976,3099,1603,667,81,1,8056,331,587,1238,1102,1079,1354,1385,720,240,19,1,8601,332,556,1063,865,1077,1622,1714,883,427,62,0
대구광역시 서구 비산1동,2717055000,9729,269,630,1096,873,1252,2055,1917,1126,470,41,0,4964,134,334,639,504,706,1081,929,470,163,4,0,4765,135,296,457,369,546,974,988,656,307,37,0
대구광역시 서구 비산2.3동,2717056500,9285,267,463,957,779,1061,1790,1955,1331,622,58,2,4603,141,254,534,444,622,937,925,535,202,9,0,4682,126,209,423,335,439,853,1030,796,420,49,2
대구광역시 서구 비산4동,2717058000,9808,349,562,1194,939,1235,1997,1994,1054,444,40,0,4799,172,291,638,541,664,985,890,465,145,8,0,5009,177,271,556,398,571,1012,1104,589,299,32,0
대구광역시 서구 비산5동,2717059000,6130,169,296,633,555,702,1251,1284,848,363,29,0,3120,90,149,349,330,396,693,607,361,138,7,0,3010,79,147,284,225,306,558,677,487,225,22,0
대구광역시 서구 비산6동,2717060000,7666,213,450,944,674,956,1595,1568,838,386,40,2,3770,116,243,526,390,480,815,702,349,140,9,0,3896,97,207,418,284,476,780,866,489,246,31,2
대구광역시 서구 비산7동,2717061000,10065,364,513,1137,1005,1231,2140,2049,1136,448,40,2,5341,194,256,653,579,747,1200,1042,508,159,3,0,4724,170,257,484,426,484,940,1007,628,289,37,2
대구광역시 서구 평리1동,2717062000,7868,286,462,994,725,982,1583,1563,829,407,34,3,3955,138,236,571,422,549,825,740,339,132,3,0,3913,148,226,423,303,433,758,823,490,275,31,3
대구광역시 서구 평리2동,2717063000,8023,567,594,851,912,1193,1414,1472,725,274,21,0,3920,288,287,450,495,600,688,690,316,103,3,0,4103,279,307,401,417,593,726,782,409,171,18,0
대구광역시 서구 평리3동,2717064000,9926,334,543,1208,976,1235,2077,2033,1039,431,50,0,5007,178,300,645,574,678,1040,982,458,146,6,0,4919,156,243,563,402,557,1037,1051,581,285,44,0
대구광역시 서구 평리4동,2717065000,18099,1203,1238,2172,2186,2632,3413,3107,1486,577,83,2,8991,616,623,1169,1185,1379,1677,1459,675,197,11,0,9108,587,615,1003,1001,1253,1736,1648,811,380,72,2
대구광역시 서구 평리5동,2717066000,1750,61,99,208,174,227,351,367,182,75,2,4,923,34,57,128,96,127,178,180,86,35,1,1,827,27,42,80,78,100,173,187,96,40,1,3
대구광역시 서구 평리6동,2717066100,4112,97,239,487,384,475,890,925,421,170,24,0,2198,46,127,281,243,280,486,479,197,55,4,0,1914,51,112,206,141,195,404,446,224,115,20,0
대구광역시 서구 상중이동,2717067500,20133,1183,1628,2530,2102,2881,3865,3634,1610,608,88,4,10126,639,844,1381,1169,1450,1915,1722,773,219,14,0,10007,544,784,1149,933,1431,1950,1912,837,389,74,4
대구광역시 서구 원대동,2717069500,7662,262,377,913,692,1005,1531,1476,938,422,45,1,3880,119,176,511,399,579,815,693,421,160,7,0,3782,143,201,402,293,426,716,783,517,262,38,1
대구광역시 남구 ,2720000000,143645,6386,8983,19908,16818,19523,24214,24364,14867,7599,965,18,69066,3284,4762,9914,8934,9848,11877,11167,6320,2753,207,0,74579,3102,4221,9994,7884,9675,12337,13197,8547,4846,758,18
대구광역시 남구 이천동,2720051500,12073,708,1023,1213,1176,1898,1998,1781,1371,781,124,0,5690,396,562,626,581,928,978,774,541,278,26,0,6383,312,461,587,595,970,1020,1007,830,503,98,0
대구광역시 남구 봉덕1동,2720053000,9174,338,495,1115,1102,1312,1604,1581,977,586,63,1,4414,172,268,532,600,675,804,744,399,210,10,0,4760,166,227,583,502,637,800,837,578,376,53,1
대구광역시 남구 봉덕2동,2720054000,12680,935,1026,1237,1562,1800,2057,2053,1212,702,93,3,6033,479,484,655,801,863,963,955,539,266,28,0,6647,456,542,582,761,937,1094,1098,673,436,65,3
대구광역시 남구 봉덕3동,2720055000,16630,805,1267,2014,1786,2383,2869,2830,1626,929,118,3,7928,418,670,1010,926,1125,1438,1253,698,361,29,0,8702,387,597,1004,860,1258,1431,1577,928,568,89,3
대구광역시 남구 대명1동,2720056000,11373,446,726,1739,1346,1513,1998,1952,1096,491,65,1,5573,237,397,882,720,778,959,913,487,186,14,0,5800,209,329,857,626,735,1039,1039,609,305,51,1
대구광역시 남구 대명2동,2720057100,10300,360,562,1988,1261,1278,1596,1585,1072,543,54,1,4887,173,285,931,683,657,783,742,442,181,10,0,5413,187,277,1057,578,621,813,843,630,362,44,1
대구광역시 남구 대명3동,2720058600,10807,334,564,1509,1145,1423,1884,2020,1290,572,66,0,5350,181,314,754,659,783,988,931,533,198,9,0,5457,153,250,755,486,640,896,1089,757,374,57,0
대구광역시 남구 대명4동,2720059000,11106,436,610,1607,1226,1306,1999,2112,1203,535,70,2,5397,208,326,840,691,676,979,971,526,170,10,0,5709,228,284,767,535,630,1020,1141,677,365,60,2
대구광역시 남구 대명5동,2720060000,6411,211,350,1322,761,762,1001,1033,627,306,38,0,3039,127,194,570,387,406,490,475,275,106,9,0,3372,84,156,752,374,356,511,558,352,200,29,0
대구광역시 남구 대명6동,2720061000,9582,494,620,1461,1234,1405,1537,1486,853,434,56,2,4609,226,330,723,636,682,775,708,369,151,9,0,4973,268,290,738,598,723,762,778,484,283,47,2
대구광역시 남구 대명9동,2720064000,15731,713,858,2364,2115,2272,2617,2492,1508,687,103,2,7697,373,459,1196,1102,1172,1280,1169,654,268,24,0,8034,340,399,1168,1013,1100,1337,1323,854,419,79,2
대구광역시 남구 대명10동,2720065000,9143,310,448,1304,1117,1151,1525,1691,1001,535,59,2,4325,151,243,635,588,586,720,761,432,196,13,0,4818,159,205,669,529,565,805,930,569,339,46,2
대구광역시 남구 대명11동,2720066000,8635,296,434,1035,987,1020,1529,1748,1031,498,56,1,4124,143,230,560,560,517,720,771,425,182,16,0,4511,153,204,475,427,503,809,977,606,316,40,1
대구광역시 북구 ,2723000000,436567,31964,41815,61263,52486,70201,78084,57332,28834,13034,1506,48,217189,16347,21704,33054,27703,34461,38678,27860,12499,4569,308,6,219378,15617,20111,28209,24783,35740,39406,29472,16335,8465,1198,42
대구광역시 북구 고성동,2723051000,4901,359,342,552,694,673,778,770,496,203,33,1,2375,173,162,294,358,359,407,337,212,62,11,0,2526,186,180,258,336,314,371,433,284,141,22,1
대구광역시 북구 칠성동,2723052600,23335,2259,2023,2831,3560,4090,3276,2722,1603,852,118,1,11222,1108,1022,1351,1773,2033,1585,1317,684,324,25,0,12113,1151,1001,1480,1787,2057,1691,1405,919,528,93,1
대구광역시 북구 침산1동,2723055000,4121,162,196,462,457,466,829,917,430,174,26,2,2194,82,114,263,277,263,438,489,209,50,9,0,1927,80,82,199,180,203,391,428,221,124,17,2
대구광역시 북구 침산2동,2723056000,18969,2055,2296,2033,2567,3687,2812,1960,1032,477,48,2,9118,1031,1165,1043,1190,1761,1384,901,434,194,15,0,9851,1024,1131,990,1377,1926,1428,1059,598,283,33,2
대구광역시 북구 침산3동,2723057000,20016,1665,2198,2334,2189,3386,3460,2515,1508,687,71,3,9656,869,1122,1241,1051,1588,1675,1190,651,252,17,0,10360,796,1076,1093,1138,1798,1785,1325,857,435,54,3
대구광역시 북구 산격1동,2723061000,9239,239,407,952,724,1052,1805,2038,1354,618,48,2,4593,126,224,556,422,603,937,983,517,217,8,0,4646,113,183,396,302,449,868,1055,837,401,40,2
대구광역시 북구 산격2동,2723062000,10933,561,864,1608,1164,1385,2180,1810,935,378,47,1,5338,274,445,888,641,661,1009,869,416,122,13,0,5595,287,419,720,523,724,1171,941,519,256,34,1
대구광역시 북구 산격3동,2723063000,9086,256,452,2558,1147,1039,1201,1277,761,351,43,1,4725,131,234,1378,732,591,612,595,319,120,13,0,4361,125,218,1180,415,448,589,682,442,231,30,1
대구광역시 북구 산격4동,2723063100,8420,277,454,1270,999,992,1468,1619,908,384,48,1,4412,147,262,724,627,573,749,741,423,160,6,0,4008,130,192,546,372,419,719,878,485,224,42,1
대구광역시 북구 대현동,2723064500,17871,1058,1122,2831,2010,2564,2849,2737,1722,855,110,13,9020,522,570,1693,1122,1347,1440,1269,724,302,26,5,8851,536,552,1138,888,1217,1409,1468,998,553,84,8
대구광역시 북구 복현1동,2723067100,7654,167,330,2380,1066,805,1193,1012,468,211,21,1,4190,89,181,1388,671,474,598,500,205,77,6,1,3464,78,149,992,395,331,595,512,263,134,15,0
대구광역시 북구 복현2동,2723067200,30222,2328,3094,4356,3915,4820,5266,3994,1618,729,100,2,14976,1197,1611,2368,2075,2276,2513,1931,720,273,12,0,15246,1131,1483,1988,1840,2544,2753,2063,898,456,88,2
대구광역시 북구 검단동,2723068000,6499,268,389,700,752,845,1140,1325,704,342,34,0,3228,133,198,403,438,454,560,614,305,120,3,0,3271,135,191,297,314,391,580,711,399,222,31,0
대구광역시 북구 무태조야동,2723069500,36522,3372,3824,4176,4626,6828,6465,4285,2113,742,90,1,18591,1764,1958,2225,2390,3452,3426,2114,978,272,12,0,17931,1608,1866,1951,2236,3376,3039,2171,1135,470,78,1
대구광역시 북구 관문동,2723071500,36741,4320,3207,3717,5949,6472,5882,4461,1922,714,94,3,18308,2243,1615,2005,2989,3343,2863,2156,855,228,11,0,18433,2077,1592,1712,2960,3129,3019,2305,1067,486,83,3
대구광역시 북구 태전1동,2723072500,22266,1255,1663,3916,2587,3030,4162,3258,1557,741,96,1,11172,655,880,2057,1450,1513,2021,1599,699,281,17,0,11094,600,783,1859,1137,1517,2141,1659,858,460,79,1
대구광역시 북구 태전2동,2723073500,24668,1510,2342,3648,2688,3790,4636,3574,1680,716,82,2,12122,797,1240,1923,1458,1836,2184,1684,718,267,15,0,12546,713,1102,1725,1230,1954,2452,1890,962,449,67,2
대구광역시 북구 구암동,2723074500,35548,2427,4756,5247,3283,6364,7306,3622,1678,775,89,1,17504,1190,2491,2837,1658,2918,3621,1838,691,243,17,0,18044,1237,2265,2410,1625,3446,3685,1784,987,532,72,1
대구광역시 북구 관음동,2723075000,16649,795,1466,2328,1590,2324,3495,2803,1164,630,51,3,8406,405,772,1310,900,1172,1720,1391,528,200,8,0,8243,390,694,1018,690,1152,1775,1412,636,430,43,3
대구광역시 북구 읍내동,2723077000,26963,1641,2402,4210,3175,3651,5387,3908,1643,858,84,4,13375,861,1298,2267,1712,1686,2546,1970,731,283,21,0,13588,780,1104,1943,1463,1965,2841,1938,912,575,63,4
대구광역시 북구 동천동,2723078000,28356,2106,4181,4094,2738,5557,5600,2237,1166,628,49,0,13783,1087,2179,2196,1312,2404,2821,1130,435,205,14,0,14573,1019,2002,1898,1426,3153,2779,1107,731,423,35,0
대구광역시 북구 노원동,2723079000,11677,583,573,1278,1502,1511,2218,2306,1253,403,48,2,6088,290,290,705,879,850,1170,1150,582,158,14,0,5589,293,283,573,623,661,1048,1156,671,245,34,2
대구광역시 북구 국우동,2723080000,25911,2301,3234,3782,3104,4870,4676,2182,1119,566,76,1,12793,1173,1671,1939,1578,2304,2399,1092,463,159,15,0,13118,1128,1563,1843,1526,2566,2277,1090,656,407,61,1
대구광역시 수성구 ,2726000000,418014,28607,49470,53173,41887,70232,74840,54154,29040,14589,1964,58,202137,14750,26051,28497,20591,32051,36099,25573,12662,5391,462,10,215877,13857,23419,24676,21296,38181,38741,28581,16378,9198,1502,48
대구광역시 수성구 범어1동,2726051000,16900,1633,2203,1899,1895,3116,2811,1696,1059,525,62,1,8045,809,1063,972,852,1451,1368,846,443,222,19,0,8855,824,1140,927,1043,1665,1443,850,616,303,43,1
대구광역시 수성구 범어2동,2726052000,15568,1004,1779,2220,1958,2617,2693,1812,982,448,53,2,7564,512,923,1131,939,1195,1321,880,463,190,10,0,8004,492,856,1089,1019,1422,1372,932,519,258,43,2
대구광역시 수성구 범어3동,2726053000,16222,1866,2035,2027,1990,3204,2649,1334,746,326,44,1,7788,937,978,1056,882,1506,1333,644,318,121,13,0,8434,929,1057,971,1108,1698,1316,690,428,205,31,1
대구광역시 수성구 범어4동,2726054000,20008,1619,4506,1937,1282,4956,3031,1412,823,385,56,1,9816,868,2400,1048,551,2185,1616,641,355,140,11,1,10192,751,2106,889,731,2771,1415,771,468,245,45,0
대구광역시 수성구 만촌1동,2726055000,22858,1726,2367,2895,2300,3548,4080,3142,1760,916,120,4,11144,912,1236,1585,1133,1638,1965,1486,789,365,35,0,11714,814,1131,1310,1167,1910,2115,1656,971,551,85,4
대구광역시 수성구 만촌2동,2726056000,10987,483,1062,1761,1166,1560,2060,1567,832,447,47,2,5443,235,608,939,650,712,1008,733,382,166,10,0,5544,248,454,822,516,848,1052,834,450,281,37,2
대구광역시 수성구 만촌3동,2726056100,19811,1238,3816,2469,1272,4287,3513,1712,985,459,59,1,10365,706,2478,1474,581,1850,1838,815,427,176,20,0,9446,532,1338,995,691,2437,1675,897,558,283,39,1
대구광역시 수성구 수성1가동,2726057000,18030,1150,2147,2082,1537,2976,3200,2318,1619,879,119,3,8295,542,1002,1085,758,1335,1522,1041,646,338,26,0,9735,608,1145,997,779,1641,1678,1277,973,541,93,3
대구광역시 수성구 수성2.3가동,2726058000,11927,980,1700,1253,1036,2323,1887,1444,860,399,44,1,5790,515,867,647,477,1091,991,663,369,159,11,0,6137,465,833,606,559,1232,896,781,491,240,33,1
대구광역시 수성구 수성4가동,2726059000,14718,788,1376,1992,1410,2074,2889,2208,1212,677,91,1,6839,395,665,1034,689,890,1342,1018,530,246,30,0,7879,393,711,958,721,1184,1547,1190,682,431,61,1
대구광역시 수성구 황금1동,2726060100,23905,1975,4017,2681,1833,4681,4265,2542,1214,597,94,6,11446,1017,2025,1454,826,2041,2140,1173,530,220,19,1,12459,958,1992,1227,1007,2640,2125,1369,684,377,75,5
대구광역시 수성구 황금2동,2726060200,10915,519,814,1703,1345,1701,1887,1519,974,407,46,0,5246,255,405,831,690,842,934,684,421,172,12,0,5669,264,409,872,655,859,953,835,553,235,34,0
대구광역시 수성구 중동,2726061000,10995,699,703,1394,1422,1769,1888,1671,947,445,56,1,5498,372,378,718,754,900,970,791,422,180,13,0,5497,327,325,676,668,869,918,880,525,265,43,1
대구광역시 수성구 상동,2726062000,16281,938,1242,1979,1894,2415,2788,2707,1498,698,122,0,7895,499,642,1035,992,1155,1349,1270,670,262,21,0,8386,439,600,944,902,1260,1439,1437,828,436,101,0
대구광역시 수성구 파동,2726063000,12604,949,962,1161,1452,1862,2044,2196,1320,566,86,6,6050,468,532,639,728,901,958,967,623,212,21,1,6554,481,430,522,724,961,1086,1229,697,354,65,5
대구광역시 수성구 두산동,2726064000,14069,840,1109,2142,1899,2213,2738,1854,835,386,51,2,6874,418,570,1136,951,1067,1309,887,376,148,12,0,7195,422,539,1006,948,1146,1429,967,459,238,39,2
대구광역시 수성구 지산1동,2726065100,21969,909,1738,3156,2204,2971,4143,3588,2076,1037,143,4,10453,490,967,1701,1170,1372,1875,1626,863,354,34,1,11516,419,771,1455,1034,1599,2268,1962,1213,683,109,3
대구광역시 수성구 지산2동,2726065200,18813,1014,1759,2445,1828,2726,3561,3053,1482,842,103,0,8870,521,896,1289,920,1226,1615,1409,664,303,27,0,9943,493,863,1156,908,1500,1946,1644,818,539,76,0
대구광역시 수성구 범물1동,2726066100,11366,340,599,1250,910,1230,2080,2448,1556,839,110,4,5161,168,294,681,479,608,944,1134,599,233,20,1,6205,172,305,569,431,622,1136,1314,957,606,90,3
대구광역시 수성구 범물2동,2726066200,17189,1247,1859,2073,1787,2792,3120,2659,1112,468,68,4,8315,628,990,1136,893,1272,1436,1255,535,159,9,2,8874,619,869,937,894,1520,1684,1404,577,309,59,2
대구광역시 수성구 고산1동,2726067000,30788,2113,4502,4178,2779,5325,5782,3599,1551,847,107,5,14887,1090,2293,2255,1339,2347,2730,1787,703,315,26,2,15901,1023,2209,1923,1440,2978,3052,1812,848,532,81,3
대구광역시 수성구 고산2동,2726068000,28741,2272,3192,3861,3318,4587,5071,3667,1723,902,141,7,14280,1178,1734,2178,1667,2129,2434,1815,768,341,36,0,14461,1094,1458,1683,1651,2458,2637,1852,955,561,105,7
대구광역시 수성구 고산3동,2726069000,33350,2305,3983,4615,3370,5299,6660,4006,1874,1094,142,2,16073,1215,2105,2473,1670,2338,3101,2008,766,369,27,1,17277,1090,1878,2142,1700,2961,3559,1998,1108,725,115,1
대구광역시 달서구 ,2729000000,545983,36952,52858,75787,63067,85384,101678,77594,35130,15595,1890,48,269093,18950,27391,40227,33201,41471,49043,37299,15729,5353,423,6,276890,18002,25467,35560,29866,43913,52635,40295,19401,10242,1467,42
대구광역시 달서구 성당동,2729051500,23345,1504,1964,2742,2606,3493,4059,3937,2095,854,83,8,11321,720,926,1394,1375,1774,2032,1846,947,296,11,0,12024,784,1038,1348,1231,1719,2027,2091,1148,558,72,8
대구광역시 달서구 두류1.2동,2729053500,14454,539,688,2318,1843,1775,2525,2524,1508,664,63,7,7075,289,340,1104,969,990,1286,1186,652,248,10,1,7379,250,348,1214,874,785,1239,1338,856,416,53,6
대구광역시 달서구 두류3동,2729055000,8318,355,526,1254,927,1049,1473,1398,883,414,39,0,4036,195,277,628,490,540,706,654,374,162,10,0,4282,160,249,626,437,509,767,744,509,252,29,0
대구광역시 달서구 감삼동,2729055500,26904,1981,2201,4003,3648,3902,5051,3858,1588,600,70,2,13117,961,1141,1985,1890,1914,2392,1848,741,227,17,1,13787,1020,1060,2018,1758,1988,2659,2010,847,373,53,1
대구광역시 달서구 죽전동,2729056300,13598,560,904,2235,1717,1840,2679,2266,968,386,43,0,6722,270,470,1166,965,932,1260,1085,432,127,15,0,6876,290,434,1069,752,908,1419,1181,536,259,28,0
대구광역시 달서구 장기동,2729056800,17200,1244,1600,2371,2112,2654,3368,2339,1062,399,50,1,8463,647,834,1253,1106,1282,1611,1098,488,132,12,0,8737,597,766,1118,1006,1372,1757,1241,574,267,38,1
대구광역시 달서구 용산1동,2729057100,31102,1879,3341,4856,3204,4929,6733,3848,1583,655,72,2,15599,973,1786,2605,1690,2297,3301,1927,764,239,16,1,15503,906,1555,2251,1514,2632,3432,1921,819,416,56,1
대구광역시 달서구 용산2동,2729057200,28922,1653,2777,4550,3220,4362,6443,3779,1421,658,58,1,14546,853,1480,2480,1763,2073,3066,1955,623,240,13,0,14376,800,1297,2070,1457,2289,3377,1824,798,418,45,1
대구광역시 달서구 이곡1동,2729057600,23218,1224,2339,3971,2524,3521,5157,2818,1092,515,55,2,11677,655,1190,2154,1370,1647,2500,1484,483,179,15,0,11541,569,1149,1817,1154,1874,2657,1334,609,336,40,2
대구광역시 달서구 이곡2동,2729057700,16508,841,1292,2423,2072,2252,3449,2811,959,372,35,2,8360,432,666,1325,1171,1115,1618,1436,450,141,6,0,8148,409,626,1098,901,1137,1831,1375,509,231,29,2
대구광역시 달서구 신당동,2729058500,31848,1339,2224,6897,3721,4275,6328,4121,1893,930,119,1,16372,714,1145,3647,2248,2230,3207,2061,812,283,25,0,15476,625,1079,3250,1473,2045,3121,2060,1081,647,94,1
대구광역시 달서구 본리동,2729059000,21238,2072,2173,2407,2808,3893,3676,2689,1054,408,56,2,10480,1017,1053,1274,1433,1944,1807,1282,507,152,9,2,10758,1055,1120,1133,1375,1949,1869,1407,547,256,47,0
대구광역시 달서구 월성1동,2729060100,37644,3862,7230,3856,3524,9006,5655,2680,1230,520,79,2,18447,1968,3683,2104,1561,4072,3060,1253,545,185,16,0,19197,1894,3547,1752,1963,4934,2595,1427,685,335,63,2
대구광역시 달서구 월성2동,2729060200,16004,520,1095,1699,1202,2127,2937,3243,2075,994,109,3,7653,289,567,933,671,1098,1472,1488,809,303,23,0,8351,231,528,766,531,1029,1465,1755,1266,691,86,3
대구광역시 달서구 진천동,2729061500,51901,4126,4847,7010,6551,7956,9386,7265,3176,1403,179,2,25459,2109,2570,3782,3395,3782,4348,3477,1453,501,42,0,26442,2017,2277,3228,3156,4174,5038,3788,1723,902,137,2
대구광역시 달서구 유천동,2729061700,30203,5095,4661,2377,4706,7237,3324,1828,733,213,27,2,14844,2624,2365,1221,2122,3542,1716,853,319,76,6,0,15359,2471,2296,1156,2584,3695,1608,975,414,137,21,2
대구광역시 달서구 상인1동,2729062400,36623,2637,4409,4865,3609,5874,6876,5106,2102,1004,140,1,17926,1343,2439,2694,1785,2639,3227,2438,963,366,32,0,18697,1294,1970,2171,1824,3235,3649,2668,1139,638,108,1
대구광역시 달서구 상인2동,2729062500,19992,1089,1402,3322,2851,2536,3762,3147,1251,547,82,3,9912,586,760,1728,1614,1260,1714,1502,556,174,18,0,10080,503,642,1594,1237,1276,2048,1645,695,373,64,3
대구광역시 달서구 상인3동,2729062600,11182,306,545,1106,974,1183,2130,2741,1433,663,100,1,5355,167,285,634,542,634,978,1261,663,167,24,0,5827,139,260,472,432,549,1152,1480,770,496,76,1
대구광역시 달서구 도원동,2729062800,35669,2096,3368,4779,3742,4877,7185,6043,2299,1131,147,2,17259,1088,1739,2573,1953,2285,3211,2918,1070,383,39,0,18410,1008,1629,2206,1789,2592,3974,3125,1229,748,108,2
대구광역시 달서구 송현1동,2729063000,19407,786,1237,2786,2188,2598,3679,3435,1799,809,88,2,9570,407,641,1425,1230,1354,1766,1596,834,298,19,0,9837,379,596,1361,958,1244,1913,1839,965,511,69,2
대구광역시 달서구 송현2동,2729064000,18204,672,1161,2403,1908,2295,3358,3485,1862,944,114,2,8725,348,579,1257,1059,1162,1584,1587,790,332,26,1,9479,324,582,1146,849,1133,1774,1898,1072,612,88,1
대구광역시 달서구 본동,2729065000,12499,572,874,1557,1410,1750,2445,2233,1064,512,82,0,6175,295,455,861,799,905,1181,1064,454,142,19,0,6324,277,419,696,611,845,1264,1169,610,370,63,0
대구광역시 달성군 ,2771000000,262906,28792,24454,28561,40720,44701,41132,32422,14581,6673,851,19,133417,14679,12707,15782,21289,23326,20450,16089,6735,2185,170,5,129489,14113,11747,12779,19431,21375,20682,16333,7846,4488,681,14
대구광역시 달성군 화원읍,2771025000,47249,3040,4300,6158,4995,6759,9556,7505,3343,1415,176,2,23463,1569,2206,3397,2692,3240,4605,3692,1518,511,33,0,23786,1471,2094,2761,2303,3519,4951,3813,1825,904,143,2
대구광역시 달성군 논공읍,2771025300,4764,291,177,463,608,560,919,927,495,281,41,2,2573,149,88,276,350,350,498,528,228,96,10,0,2191,142,89,187,258,210,421,399,267,185,31,2
대구광역시 달성군 논공읍공단출장소,2771025400,13217,725,1292,1774,1288,2335,2997,1738,662,362,42,2,7019,357,694,1060,710,1259,1626,921,279,103,10,0,6198,368,598,714,578,1076,1371,817,383,259,32,2
대구광역시 달성군 다사읍,2771025600,51110,5613,6080,5598,6968,9672,8027,5679,2465,890,117,1,25240,2853,3158,2970,3450,4757,3797,2729,1187,320,19,0,25870,2760,2922,2628,3518,4915,4230,2950,1278,570,98,1
대구광역시 달성군 다사읍서재출장소,2771025700,38485,6025,3606,3750,7910,7396,4968,3249,1159,374,46,2,19567,3049,1870,1947,3993,4012,2443,1611,533,102,7,0,18918,2976,1736,1803,3917,3384,2525,1638,626,272,39,2
대구광역시 달성군 유가읍,2771025900,29613,5030,3613,2362,5803,6211,3069,2227,866,374,56,2,15015,2566,1872,1319,2860,3206,1566,1080,415,114,17,0,14598,2464,1741,1043,2943,3005,1503,1147,451,260,39,2
대구광역시 달성군 옥포읍,2771026200,25292,2539,1773,2495,3848,3743,4212,3985,1827,781,89,0,12764,1335,929,1322,1999,2004,2061,1973,845,275,21,0,12528,1204,844,1173,1849,1739,2151,2012,982,506,68,0
대구광역시 달성군 현풍읍,2771026500,23020,2350,1732,3123,4205,3622,3119,2732,1383,680,72,2,12114,1198,904,1834,2411,2037,1582,1342,591,200,14,1,10906,1152,828,1289,1794,1585,1537,1390,792,480,58,1
대구광역시 달성군 가창면,2771031000,7784,389,476,639,596,890,1323,1686,1047,630,103,5,3865,204,255,379,302,465,707,817,514,200,19,3,3919,185,221,260,294,425,616,869,533,430,84,2
대구광역시 달성군 하빈면,2771033000,3606,90,125,258,255,300,776,880,507,364,50,1,1944,42,65,162,156,190,460,510,244,105,9,1,1662,48,60,96,99,110,316,370,263,259,41,0
대구광역시 달성군 구지면,2771038000,18766,2700,1280,1941,4244,3213,2166,1814,827,522,59,0,9853,1357,666,1116,2366,1806,1105,886,381,159,11,0,8913,1343,614,825,1878,1407,1061,928,446,363,48,0
인천광역시  ,2800000000,2946319,218194,271348,391498,401742,480658,510589,397525,179068,82331,12928,438,1475245,111933,139487,204050,208043,246215,255055,196854,82068,28725,2718,97,1471074,106261,131861,187448,193699,234443,255534,200671,97000,53606,10210,341
인천광역시 중구 ,2811000000,143052,11683,13076,18876,21872,25146,21131,17216,9358,4020,652,22,74366,6035,6719,9717,11896,13698,11727,8642,4317,1459,147,9,68686,5648,6357,9159,9976,11448,9404,8574,5041,2561,505,13
인천광역시 중구 연안동,2811052000,6141,221,322,615,615,777,1244,1353,639,302,50,3,3318,118,157,354,368,470,727,707,301,104,12,0,2823,103,165,261,247,307,517,646,338,198,38,3
인천광역시 중구 신포동,2811053000,5094,230,343,528,506,780,869,845,616,320,55,2,2606,134,178,285,285,433,468,429,267,116,11,0,2488,96,165,243,221,347,401,416,349,204,44,2
인천광역시 중구 신흥동,2811054000,13202,802,1102,1596,1553,2012,2249,2098,1178,536,76,0,6716,404,577,853,836,1079,1197,1035,521,200,14,0,6486,398,525,743,717,933,1052,1063,657,336,62,0
인천광역시 중구 도원동,2811056000,3919,117,255,425,347,528,699,765,545,203,34,1,2004,54,140,254,191,297,377,360,248,75,8,0,1915,63,115,171,156,231,322,405,297,128,26,1
인천광역시 중구 율목동,2811057000,3193,80,179,330,276,455,611,620,443,167,32,0,1642,48,88,188,159,255,344,311,191,53,5,0,1551,32,91,142,117,200,267,309,252,114,27,0
인천광역시 중구 동인천동,2811058500,5825,188,284,587,648,737,1088,1128,697,384,81,3,3085,99,140,325,366,445,638,600,321,130,20,1,2740,89,144,262,282,292,450,528,376,254,61,2
인천광역시 중구 개항동,2811061500,7040,247,443,744,675,935,1252,1387,900,407,49,1,3527,133,213,405,381,524,685,657,383,129,17,0,3513,114,230,339,294,411,567,730,517,278,32,1
인천광역시 중구 영종동,2811062000,19016,1189,1517,2521,2977,3122,3251,2756,1086,493,100,4,10406,601,799,1392,1765,1785,1841,1476,540,181,22,4,8610,588,718,1129,1212,1337,1410,1280,546,312,78,0
인천광역시 중구 영종1동,2811062200,43784,6824,5196,3694,8594,9735,4739,3067,1416,441,76,2,21970,3507,2615,1859,4147,5103,2457,1410,691,163,17,1,21814,3317,2581,1835,4447,4632,2282,1657,725,278,59,1
인천광역시 중구 운서동,2811062800,31886,1707,3329,7589,5412,5616,4271,2114,1251,546,48,3,16887,900,1757,3639,3230,3017,2474,1085,544,226,13,2,14999,807,1572,3950,2182,2599,1797,1029,707,320,35,1
인천광역시 중구 용유동,2811063000,3952,78,106,247,269,449,858,1083,587,221,51,3,2205,37,55,163,168,290,519,572,310,82,8,1,1747,41,51,84,101,159,339,511,277,139,43,2
인천광역시 중구영종출장소 ,2811400000,0,0,0,0,0,0,0,0,0,0,0,0,0,0,0,0,0,0,0,0,0,0,0,0,0,0,0,0,0,0,0,0,0,0,0,0
인천광역시 중구용유출장소 ,2811800000,0,0,0,0,0,0,0,0,0,0,0,0,0,0,0,0,0,0,0,0,0,0,0,0,0,0,0,0,0,0,0,0,0,0,0,0
인천광역시 동구 ,2814000000,61716,3507,4910,6407,6819,9701,9958,10455,6517,2974,448,20,31120,1838,2533,3461,3661,5223,5322,5064,2869,1039,106,4,30596,1669,2377,2946,3158,4478,4636,5391,3648,1935,342,16
인천광역시 동구 만석동,2814051000,6936,426,578,726,763,1134,1192,1130,625,313,48,1,3568,235,295,408,409,609,653,575,272,98,13,1,3368,191,283,318,354,525,539,555,353,215,35,0
인천광역시 동구 화수1.화평동,2814052500,5945,219,451,666,487,833,1072,1087,757,317,54,2,3035,118,231,367,257,442,605,538,335,128,14,0,2910,101,220,299,230,391,467,549,422,189,40,2
인천광역시 동구 화수2동,2814053000,7613,309,610,742,705,1158,1232,1388,933,476,60,0,3746,164,290,396,384,645,657,658,382,155,15,0,3867,145,320,346,321,513,575,730,551,321,45,0
인천광역시 동구 송현1.2동,2814055500,10413,773,869,1167,1324,1736,1570,1600,974,349,51,0,5088,387,459,592,668,901,764,731,449,129,8,0,5325,386,410,575,656,835,806,869,525,220,43,0
인천광역시 동구 송현3동,2814057000,3573,106,196,367,330,466,635,747,444,254,27,1,1849,56,98,206,192,275,357,388,184,86,7,0,1724,50,98,161,138,191,278,359,260,168,20,1
인천광역시 동구 송림1동,2814058000,1583,80,109,156,149,236,238,300,187,112,15,1,769,37,53,83,87,126,118,148,84,28,5,0,814,43,56,73,62,110,120,152,103,84,10,1
인천광역시 동구 송림2동,2814059000,2732,70,147,242,212,329,451,603,415,227,32,4,1408,39,72,156,131,185,266,288,178,83,8,2,1324,31,75,86,81,144,185,315,237,144,24,2
인천광역시 동구 송림3.5동,2814060500,7609,392,644,789,776,1246,1239,1293,821,355,52,2,3901,219,333,461,429,652,671,624,366,132,14,0,3708,173,311,328,347,594,568,669,455,223,38,2
인천광역시 동구 송림4동,2814061000,6127,522,569,732,1090,1064,947,738,333,109,21,2,3172,269,288,373,600,569,501,368,155,42,7,0,2955,253,281,359,490,495,446,370,178,67,14,2
인천광역시 동구 송림6동,2814063000,6263,509,567,542,756,1096,945,987,545,255,54,7,3128,272,316,275,374,589,490,458,256,91,6,1,3135,237,251,267,382,507,455,529,289,164,48,6
인천광역시 동구 금창동,2814064000,2922,101,170,278,227,403,437,582,483,207,34,0,1456,42,98,144,130,230,240,288,208,67,9,0,1466,59,72,134,97,173,197,294,275,140,25,0
인천광역시 미추홀구 ,2817700000,407010,26150,31561,56897,55652,63484,67331,58851,31187,13796,2029,72,205009,13358,16303,29953,29969,33608,33991,28117,14182,5052,455,21,202001,12792,15258,26944,25683,29876,33340,30734,17005,8744,1574,51
인천광역시 미추홀구 숭의2동,2817751000,14677,1063,917,1901,2177,2183,2383,2124,1249,583,92,5,7406,546,467,1003,1184,1201,1228,1022,538,191,25,1,7271,517,450,898,993,982,1155,1102,711,392,67,4
인천광역시 미추홀구 숭의1.3동,2817752000,13808,1043,829,2078,2360,2036,2171,1765,937,507,77,5,6873,545,422,1008,1245,1117,1067,864,418,174,12,1,6935,498,407,1070,1115,919,1104,901,519,333,65,4
인천광역시 미추홀구 숭의4동,2817753000,16431,1014,1259,2112,2141,2499,2688,2526,1444,649,97,2,8226,516,673,1110,1143,1281,1377,1205,665,223,32,1,8205,498,586,1002,998,1218,1311,1321,779,426,65,1
인천광역시 미추홀구 용현1.4동,2817754000,17382,602,935,4053,1788,2055,2613,2689,1764,760,120,3,9435,308,507,2577,1082,1185,1367,1280,793,304,31,1,7947,294,428,1476,706,870,1246,1409,971,456,89,2
인천광역시 미추홀구 용현2동,2817755000,17906,1283,1312,2526,2792,2635,2724,2459,1494,582,97,2,8999,678,698,1265,1484,1373,1372,1188,704,217,18,2,8907,605,614,1261,1308,1262,1352,1271,790,365,79,0
인천광역시 미추홀구 용현3동,2817756000,7620,272,330,1005,906,964,1295,1428,913,447,57,3,4037,141,174,595,540,586,719,674,417,173,18,0,3583,131,156,410,366,378,576,754,496,274,39,3
인천광역시 미추홀구 용현5동,2817757000,47680,3802,4939,6738,6257,8304,7818,5705,2731,1214,171,1,23639,1920,2566,3395,3196,4194,3879,2780,1221,452,36,0,24041,1882,2373,3343,3061,4110,3939,2925,1510,762,135,1
인천광역시 미추홀구 학익1동,2817758000,32137,2186,3514,4193,3377,5541,5787,4387,2122,901,127,2,16008,1087,1855,2219,1727,2736,2921,2133,965,341,24,0,16129,1099,1659,1974,1650,2805,2866,2254,1157,560,103,2
인천광역시 미추홀구 학익2동,2817759000,18279,1002,1647,2275,2034,2762,3301,2807,1585,750,112,4,8968,492,853,1240,1067,1380,1622,1307,717,261,29,0,9311,510,794,1035,967,1382,1679,1500,868,489,83,4
인천광역시 미추홀구 도화1동,2817760000,23226,1561,1526,3216,3518,3535,3853,3295,1813,801,105,3,11592,828,749,1625,1876,1890,1918,1554,820,297,34,1,11634,733,777,1591,1642,1645,1935,1741,993,504,71,2
인천광역시 미추홀구 도화2.3동,2817761000,32913,3159,2573,3875,5667,5423,4808,4373,2021,879,123,12,16718,1600,1339,1976,3044,2936,2391,2169,926,316,16,5,16195,1559,1234,1899,2623,2487,2417,2204,1095,563,107,7
인천광역시 미추홀구 주안1동,2817762000,20499,1147,872,4185,4263,3150,3146,2339,901,429,65,2,10775,602,439,2103,2403,1815,1632,1161,431,176,11,2,9724,545,433,2082,1860,1335,1514,1178,470,253,54,0
인천광역시 미추홀구 주안2동,2817763000,16804,908,1111,2125,2061,2408,2830,2877,1644,739,100,1,8481,460,583,1153,1100,1301,1474,1346,771,272,21,0,8323,448,528,972,961,1107,1356,1531,873,467,79,1
인천광역시 미추홀구 주안3동,2817764000,8769,421,639,1191,946,1309,1453,1482,908,362,53,5,4459,215,342,644,534,709,743,724,405,123,18,2,4310,206,297,547,412,600,710,758,503,239,35,3
인천광역시 미추홀구 주안4동,2817765000,13536,515,809,1656,1487,1798,2285,2555,1636,690,103,2,6788,256,390,901,839,1013,1187,1157,760,268,16,1,6748,259,419,755,648,785,1098,1398,876,422,87,1
인천광역시 미추홀구 주안5동,2817766000,20543,1066,1293,2886,3174,3060,3499,3124,1597,724,114,6,10283,535,633,1481,1803,1660,1734,1475,697,246,17,2,10260,531,660,1405,1371,1400,1765,1649,900,478,97,4
인천광역시 미추홀구 주안6동,2817767000,21999,1855,1827,2797,3319,3786,3257,2955,1459,637,104,3,10995,969,936,1425,1709,2012,1660,1340,675,250,19,0,11004,886,891,1372,1610,1774,1597,1615,784,387,85,3
인천광역시 미추홀구 주안7동,2817768000,12500,500,893,1457,1249,1846,2239,2343,1300,587,83,3,6078,252,479,782,683,939,1074,1075,555,218,20,1,6422,248,414,675,566,907,1165,1268,745,369,63,2
인천광역시 미추홀구 주안8동,2817769000,21009,1111,1853,2772,2432,3168,3871,3327,1654,724,94,3,10256,557,932,1463,1303,1601,1837,1538,736,262,27,0,10753,554,921,1309,1129,1567,2034,1789,918,462,67,3
인천광역시 미추홀구 관교동,2817770000,15092,899,1301,1937,1798,2216,2641,2529,1188,496,83,4,7374,473,665,978,921,1099,1250,1204,591,169,23,1,7718,426,636,959,877,1117,1391,1325,597,327,60,3
인천광역시 미추홀구 문학동,2817771000,14200,741,1182,1919,1906,2806,2669,1762,827,335,52,1,7619,378,601,1010,1086,1580,1539,921,377,119,8,0,6581,363,581,909,820,1226,1130,841,450,216,44,1
인천광역시 연수구 ,2818500000,389638,37234,43166,50769,56595,68948,65166,42851,15849,7636,1375,49,193434,18994,22123,26392,27810,33867,32131,21911,7351,2560,286,9,196204,18240,21043,24377,28785,35081,33035,20940,8498,5076,1089,40
인천광역시 연수구 옥련1동,2818563000,19322,1260,1847,2546,2195,3037,3697,2653,1332,653,102,0,9567,653,967,1377,1137,1486,1806,1302,579,235,25,0,9755,607,880,1169,1058,1551,1891,1351,753,418,77,0
인천광역시 연수구 옥련2동,2818564000,20420,1382,2133,2829,2370,3278,3909,2681,1186,548,100,4,10078,686,1103,1512,1170,1617,1863,1362,558,186,20,1,10342,696,1030,1317,1200,1661,2046,1319,628,362,80,3
인천광역시 연수구 선학동,2818575000,17214,833,1065,2384,2193,2346,3264,3171,1248,605,100,5,8912,450,549,1356,1251,1290,1570,1634,583,209,20,0,8302,383,516,1028,942,1056,1694,1537,665,396,80,5
인천광역시 연수구 연수1동,2818576100,19436,870,1517,2963,2490,3090,3948,2799,1165,510,80,4,10620,445,835,1669,1493,1774,2146,1514,548,177,19,0,8816,425,682,1294,997,1316,1802,1285,617,333,61,4
인천광역시 연수구 연수2동,2818576200,21181,1316,1635,3196,3217,3010,3798,3022,1177,677,127,6,10420,690,825,1701,1692,1480,1784,1511,524,186,26,1,10761,626,810,1495,1525,1530,2014,1511,653,491,101,5
인천광역시 연수구 연수3동,2818576300,16159,892,1169,2163,2131,2103,2977,2672,1188,716,142,6,7671,467,589,1087,1129,1002,1338,1329,506,202,21,1,8488,425,580,1076,1002,1101,1639,1343,682,514,121,5
인천광역시 연수구 청학동,2818576600,24819,1161,1660,3353,3055,3480,5157,4142,1769,897,138,7,12879,566,868,1908,1749,1886,2627,2137,795,312,27,4,11940,595,792,1445,1306,1594,2530,2005,974,585,111,3
인천광역시 연수구 동춘1동,2818578000,25480,2278,2668,3301,3659,4178,4654,3246,943,448,101,4,12521,1176,1326,1724,1781,2030,2148,1692,469,147,28,0,12959,1102,1342,1577,1878,2148,2506,1554,474,301,73,4
인천광역시 연수구 동춘2동,2818579000,18334,1290,1903,2539,2608,2797,3492,2371,813,455,65,1,8915,649,982,1316,1321,1319,1610,1191,367,145,15,0,9419,641,921,1223,1287,1478,1882,1180,446,310,50,1
인천광역시 연수구 동춘3동,2818579500,18590,1454,2771,2496,1754,3238,3404,2112,854,422,85,0,9044,722,1428,1316,763,1446,1693,1100,404,150,22,0,9546,732,1343,1180,991,1792,1711,1012,450,272,63,0
인천광역시 연수구 송도1동,2818582000,37787,2990,5468,6468,4302,6563,6409,3719,1198,545,122,3,18525,1537,2789,3213,2057,2984,3210,1921,589,201,24,0,19262,1453,2679,3255,2245,3579,3199,1798,609,344,98,3
인천광역시 연수구 송도2동,2818583000,36739,4714,6428,3607,4237,8527,5652,2410,742,353,65,4,18026,2392,3284,1860,1757,3954,3016,1295,328,129,11,0,18713,2322,3144,1747,2480,4573,2636,1115,414,224,54,4
인천광역시 연수구 송도3동,2818584000,49052,6672,6122,6130,9057,10033,6269,3230,1056,410,71,2,24057,3370,3126,2972,4229,4915,3155,1627,500,145,16,2,24995,3302,2996,3158,4828,5118,3114,1603,556,265,55,0
인천광역시 연수구 송도4동,2818585000,25274,3713,3017,2778,4512,5306,3469,1767,508,177,25,2,12510,1909,1510,1403,2071,2640,1750,898,254,71,4,0,12764,1804,1507,1375,2441,2666,1719,869,254,106,21,2
인천광역시 연수구 송도5동,2818586000,39831,6409,3763,4016,8815,7962,5067,2856,670,220,52,1,19689,3282,1942,1978,4210,4044,2415,1398,347,65,8,0,20142,3127,1821,2038,4605,3918,2652,1458,323,155,44,1
인천광역시 남동구 ,2820000000,518372,38300,48705,68884,69191,86796,89040,70574,31336,13387,2084,75,257523,19764,24936,35603,35723,44226,43913,34114,14238,4598,398,10,260849,18536,23769,33281,33468,42570,45127,36460,17098,8789,1686,65
인천광역시 남동구 구월1동,2820051000,31443,2911,3077,4068,4398,5615,4980,3986,1607,673,123,5,15301,1511,1487,2011,2117,2926,2353,1903,751,221,21,0,16142,1400,1590,2057,2281,2689,2627,2083,856,452,102,5
인천광역시 남동구 구월2동,2820052000,35506,3376,4381,4253,4272,6597,5719,4368,1766,653,113,8,17453,1783,2253,2245,1988,3178,2821,2086,829,249,19,2,18053,1593,2128,2008,2284,3419,2898,2282,937,404,94,6
인천광역시 남동구 구월3동,2820052100,30060,1583,1787,6460,5765,4826,4499,3148,1384,540,67,1,14981,826,926,2888,3114,2621,2246,1523,617,205,15,0,15079,757,861,3572,2651,2205,2253,1625,767,335,52,1
인천광역시 남동구 구월4동,2820052200,14593,562,931,2120,1591,2123,2904,2473,1265,542,79,3,7381,299,517,1087,906,1167,1481,1179,552,184,9,0,7212,263,414,1033,685,956,1423,1294,713,358,70,3
인천광역시 남동구 간석1동,2820053000,21365,1019,1509,3015,3015,3181,3712,3268,1774,744,125,3,10525,531,781,1571,1643,1644,1795,1533,752,260,15,0,10840,488,728,1444,1372,1537,1917,1735,1022,484,110,3
인천광역시 남동구 간석2동,2820054000,21951,1484,2038,2831,2688,3714,3848,3088,1557,602,99,2,10955,762,1060,1479,1368,1885,1953,1497,709,210,32,0,10996,722,978,1352,1320,1829,1895,1591,848,392,67,2
인천광역시 남동구 간석3동,2820055000,27613,1453,1999,3932,3613,4102,5155,4335,2026,883,108,7,13774,740,1018,1997,1897,2183,2567,2106,916,321,26,3,13839,713,981,1935,1716,1919,2588,2229,1110,562,82,4
인천광역시 남동구 간석4동,2820055100,29003,1698,2284,4174,3993,4507,5192,4306,1895,805,142,7,14461,859,1151,2134,2101,2309,2574,2116,910,276,31,0,14542,839,1133,2040,1892,2198,2618,2190,985,529,111,7
인천광역시 남동구 만수1동,2820056000,17172,791,1051,2212,2155,2344,3222,2961,1517,813,104,2,8400,397,533,1162,1175,1225,1607,1417,627,239,18,0,8772,394,518,1050,980,1119,1615,1544,890,574,86,2
인천광역시 남동구 만수2동,2820057000,24349,1625,2441,3188,2807,4086,4306,3603,1593,601,97,2,11938,831,1200,1682,1450,2047,2060,1676,754,218,20,0,12411,794,1241,1506,1357,2039,2246,1927,839,383,77,2
인천광역시 남동구 만수3동,2820058000,17716,1259,1597,2491,2158,2833,3136,2607,1165,405,64,1,8977,661,808,1321,1142,1490,1542,1311,546,142,14,0,8739,598,789,1170,1016,1343,1594,1296,619,263,50,1
인천광역시 남동구 만수4동,2820058100,21040,1358,1815,2729,2729,3200,3754,3292,1410,652,95,6,10280,694,955,1460,1408,1584,1771,1537,655,196,18,2,10760,664,860,1269,1321,1616,1983,1755,755,456,77,4
인천광역시 남동구 만수5동,2820058200,15271,566,960,2116,1745,1963,2945,2840,1486,561,88,1,7603,296,478,1108,1003,1057,1443,1340,653,211,14,0,7668,270,482,1008,742,906,1502,1500,833,350,74,1
인천광역시 남동구 만수6동,2820058300,24322,1313,2182,3305,2743,3532,4785,3809,1635,863,149,6,11816,684,1096,1734,1446,1685,2292,1869,716,271,23,0,12506,629,1086,1571,1297,1847,2493,1940,919,592,126,6
인천광역시 남동구 장수서창동,2820065000,19931,1473,2178,2273,2256,3340,3414,3105,1273,539,78,2,9924,745,1134,1241,1149,1691,1642,1511,584,210,17,0,10007,728,1044,1032,1107,1649,1772,1594,689,329,61,2
인천광역시 남동구 서창2동,2820065500,39548,5543,3986,3573,7000,7799,4974,4339,1668,569,91,6,19630,2846,2118,1777,3372,4063,2357,2089,809,186,12,1,19918,2697,1868,1796,3628,3736,2617,2250,859,383,79,5
인천광역시 남동구 남촌도림동,2820066000,21140,1202,1836,2800,2258,3220,4249,3360,1447,651,114,3,10852,631,978,1553,1216,1689,2141,1711,679,232,22,0,10288,571,858,1247,1042,1531,2108,1649,768,419,92,3
인천광역시 남동구 논현1동,2820069000,32021,2667,3508,4051,4313,5759,5564,3828,1530,681,120,0,16152,1357,1820,2185,2276,2909,2810,1864,677,232,22,0,15869,1310,1688,1866,2037,2850,2754,1964,853,449,98,0
인천광역시 남동구 논현2동,2820070000,32977,2327,3275,4590,4586,5496,5692,4013,1909,945,137,7,16683,1223,1689,2508,2556,2776,2839,1896,846,318,30,2,16294,1104,1586,2082,2030,2720,2853,2117,1063,627,107,5
인천광역시 남동구 논현고잔동,2820071000,41351,4090,5870,4703,5106,8559,6990,3845,1429,665,91,3,20437,2088,2934,2460,2396,4097,3619,1950,656,217,20,0,20914,2002,2936,2243,2710,4462,3371,1895,773,448,71,3
인천광역시 부평구 ,2823700000,487201,30554,41625,67444,66058,74961,88117,70117,31516,14575,2160,74,240572,15577,21623,34537,34148,37860,42957,34110,14299,4996,453,12,246629,14977,20002,32907,31910,37101,45160,36007,17217,9579,1707,62
인천광역시 부평구 부평1동,2823751000,36601,2169,2810,5774,5824,5548,6150,4865,2198,1081,175,7,17632,1062,1407,2769,3063,2728,2889,2284,974,411,44,1,18969,1107,1403,3005,2761,2820,3261,2581,1224,670,131,6
인천광역시 부평구 부평2동,2823752000,14953,756,1159,2042,2055,2286,2631,2225,1261,476,62,0,7444,355,606,1058,1130,1186,1316,1023,579,172,19,0,7509,401,553,984,925,1100,1315,1202,682,304,43,0
인천광역시 부평구 부평3동,2823753000,12707,594,823,1579,1645,1835,2260,2180,1158,547,84,2,6333,311,429,836,884,965,1140,1064,509,177,18,0,6374,283,394,743,761,870,1120,1116,649,370,66,2
인천광역시 부평구 부평4동,2823754000,36958,2346,2360,6044,6621,5576,6015,4688,2199,981,125,3,18270,1203,1241,2913,3493,2843,2931,2264,1008,350,24,0,18688,1143,1119,3131,3128,2733,3084,2424,1191,631,101,3
인천광역시 부평구 부평5동,2823755000,31751,2333,2171,5032,5729,5182,5015,3734,1696,748,105,6,15659,1175,1072,2445,3030,2780,2402,1726,742,257,29,1,16092,1158,1099,2587,2699,2402,2613,2008,954,491,76,5
인천광역시 부평구 부평6동,2823756000,14995,1009,900,2033,2357,2260,2600,2227,1017,532,60,0,7388,543,480,970,1187,1212,1247,1082,455,202,10,0,7607,466,420,1063,1170,1048,1353,1145,562,330,50,0
인천광역시 부평구 산곡1동,2823757000,12196,561,899,1505,1484,1676,2304,2191,1033,458,82,3,6129,298,481,816,793,854,1190,1036,493,154,14,0,6067,263,418,689,691,822,1114,1155,540,304,68,3
인천광역시 부평구 산곡2동,2823758000,31221,2530,3719,3868,3510,5444,5550,4085,1707,702,103,3,15359,1280,1959,2038,1671,2604,2695,2020,811,258,23,0,15862,1250,1760,1830,1839,2840,2855,2065,896,444,80,3
인천광역시 부평구 산곡3동,2823758100,22109,1120,1996,2794,2274,3026,3996,3763,1917,1035,179,9,10741,591,1067,1504,1160,1500,1882,1778,886,336,35,2,11368,529,929,1290,1114,1526,2114,1985,1031,699,144,7
인천광역시 부평구 산곡4동,2823758200,17759,1134,1701,2530,2117,2674,3331,2527,1066,590,89,0,8485,581,879,1283,1054,1266,1504,1224,476,198,20,0,9274,553,822,1247,1063,1408,1827,1303,590,392,69,0
인천광역시 부평구 청천1동,2823759100,6897,300,485,867,812,1023,1458,1206,508,196,40,2,3698,143,238,485,457,581,827,651,247,61,8,0,3199,157,247,382,355,442,631,555,261,135,32,2
인천광역시 부평구 청천2동,2823759200,35172,2659,2924,4792,5211,5239,6474,4887,1962,890,128,6,17578,1394,1543,2471,2656,2718,3159,2395,896,320,24,2,17594,1265,1381,2321,2555,2521,3315,2492,1066,570,104,4
인천광역시 부평구 갈산1동,2823764100,16571,815,1252,2516,2217,2366,3293,2529,1050,465,64,4,8393,404,694,1345,1198,1242,1628,1231,481,161,9,0,8178,411,558,1171,1019,1124,1665,1298,569,304,55,4
인천광역시 부평구 갈산2동,2823764200,18779,1083,1394,2400,2607,2470,3426,3261,1364,650,119,5,9127,540,727,1265,1332,1244,1556,1614,641,183,23,2,9652,543,667,1135,1275,1226,1870,1647,723,467,96,3
인천광역시 부평구 삼산1동,2823764600,33364,2156,3387,4544,3755,5404,6419,4581,1896,1051,167,4,16318,1125,1720,2396,1901,2642,3125,2282,810,282,33,2,17046,1031,1667,2148,1854,2762,3294,2299,1086,769,134,2
인천광역시 부평구 삼산2동,2823764800,28860,2231,4117,3669,2891,5496,5429,3070,1250,601,101,5,13974,1101,2133,1871,1379,2520,2714,1535,514,192,15,0,14886,1130,1984,1798,1512,2976,2715,1535,736,409,86,5
인천광역시 부평구 부개1동,2823765000,16122,794,1022,2011,1930,2297,2851,2991,1547,603,74,2,8098,402,533,1100,1014,1254,1443,1397,716,219,20,0,8024,392,489,911,916,1043,1408,1594,831,384,54,2
인천광역시 부평구 부개2동,2823766000,19955,1406,1780,2643,2889,3177,3489,2728,1244,538,57,4,9751,707,884,1356,1451,1592,1656,1320,573,196,14,2,10204,699,896,1287,1438,1585,1833,1408,671,342,43,2
인천광역시 부평구 부개3동,2823766100,30802,1730,3112,4587,3918,4859,6067,3974,1645,771,136,3,14817,892,1583,2303,1917,2297,2850,1972,742,236,25,0,15985,838,1529,2284,2001,2562,3217,2002,903,535,111,3
인천광역시 부평구 일신동,2823767000,12534,957,1035,1557,1735,1775,2115,2093,857,364,46,0,6398,508,565,879,921,950,988,1039,406,130,12,0,6136,449,470,678,814,825,1127,1054,451,234,34,0
인천광역시 부평구 십정1동,2823768000,13909,784,1100,1737,1613,2088,2648,2252,1104,508,72,3,7061,425,578,916,864,1088,1388,1105,486,193,18,0,6848,359,522,821,749,1000,1260,1147,618,315,54,3
인천광역시 부평구 십정2동,2823769000,22986,1087,1479,2920,2864,3260,4596,4060,1837,788,92,3,11919,537,804,1518,1593,1794,2427,2068,854,308,16,0,11067,550,675,1402,1271,1466,2169,1992,983,480,76,3
인천광역시 계양구 ,2824500000,295462,17343,25561,42455,37936,44532,59480,43344,15764,7811,1210,26,147171,8818,13061,22312,19847,22265,28853,22056,7162,2538,253,6,148291,8525,12500,20143,18089,22267,30627,21288,8602,5273,957,20
인천광역시 계양구 효성1동,2824560100,26941,1527,2297,3661,3406,3809,5296,4385,1653,787,115,5,13523,772,1203,1949,1762,1924,2591,2247,778,267,29,1,13418,755,1094,1712,1644,1885,2705,2138,875,520,86,4
인천광역시 계양구 효성2동,2824560200,28965,1720,2583,4100,3387,4252,5820,4522,1750,736,91,4,14653,892,1321,2262,1816,2118,2820,2308,836,265,15,0,14312,828,1262,1838,1571,2134,3000,2214,914,471,76,4
인천광역시 계양구 계산1동,2824561100,19314,731,1184,2859,2437,2626,4129,3370,1306,595,75,2,10175,390,617,1541,1389,1431,2204,1768,625,189,21,0,9139,341,567,1318,1048,1195,1925,1602,681,406,54,2
인천광역시 계양구 계산2동,2824561200,15782,580,903,2375,2147,1963,3324,2917,1047,446,80,0,7859,279,475,1214,1171,1017,1577,1465,490,154,17,0,7923,301,428,1161,976,946,1747,1452,557,292,63,0
인천광역시 계양구 계산3동,2824561300,19067,821,1409,3193,2777,2434,4114,3019,777,451,71,1,9125,418,742,1632,1417,1108,1809,1511,344,127,16,1,9942,403,667,1561,1360,1326,2305,1508,433,324,55,0
인천광역시 계양구 계산4동,2824561400,23183,1426,2508,3710,2538,3811,5158,2758,645,510,116,3,11714,725,1264,1950,1307,1878,2553,1564,308,146,18,1,11469,701,1244,1760,1231,1933,2605,1194,337,364,98,2
인천광역시 계양구 작전1동,2824562100,27834,1654,2645,4099,3407,4256,5601,4038,1360,674,99,1,13642,825,1344,2153,1732,2076,2674,1993,620,200,24,1,14192,829,1301,1946,1675,2180,2927,2045,740,474,75,0
인천광역시 계양구 작전2동,2824562200,19858,946,1358,2804,2768,2624,3974,3383,1314,598,88,1,9805,468,698,1454,1497,1347,1881,1644,585,214,17,0,10053,478,660,1350,1271,1277,2093,1739,729,384,71,1
인천광역시 계양구 작전서운동,2824564000,35050,2593,3561,5169,4777,5818,6997,3932,1318,758,124,3,17441,1318,1762,2732,2505,2836,3417,2058,560,228,24,1,17609,1275,1799,2437,2272,2982,3580,1874,758,530,100,2
인천광역시 계양구 계양1동,2824571000,20872,1329,1704,2877,2508,3074,4162,3160,1295,651,111,1,10329,707,872,1472,1274,1547,2012,1608,581,239,17,0,10543,622,832,1405,1234,1527,2150,1552,714,412,94,1
인천광역시 계양구 계양2동,2824572000,33133,1525,2540,4870,4286,4760,6933,4842,2107,1109,156,5,16371,770,1272,2577,2284,2339,3389,2486,891,330,32,1,16762,755,1268,2293,2002,2421,3544,2356,1216,779,124,4
인천광역시 계양구 계양3동,2824573000,25463,2491,2869,2738,3498,5105,3972,3018,1192,496,84,0,12534,1254,1491,1376,1693,2644,1926,1404,544,179,23,0,12929,1237,1378,1362,1805,2461,2046,1614,648,317,61,0
인천광역시 서구 ,2826000000,553962,49328,57100,72070,80585,97117,95185,64425,25220,11054,1809,69,279621,25418,29262,37243,41120,49877,48086,32805,11753,3691,347,19,274341,23910,27838,34827,39465,47240,47099,31620,13467,7363,1462,50
인천광역시 서구 검암경서동,2826051500,45487,4239,4400,6284,7917,8552,7097,4432,1776,659,127,4,23198,2173,2320,3251,4084,4518,3542,2213,837,236,21,3,22289,2066,2080,3033,3833,4034,3555,2219,939,423,106,1
인천광역시 서구 연희동,2826053000,40709,2184,3352,6422,4846,5933,8481,5812,2240,1232,197,10,20734,1093,1723,3466,2637,3059,4251,3042,980,437,43,3,19975,1091,1629,2956,2209,2874,4230,2770,1260,795,154,7
인천광역시 서구 청라1동,2826053600,31483,3713,4415,3914,5602,6412,4311,2078,678,320,39,1,15689,1960,2205,1897,2809,3130,2221,1063,290,111,3,0,15794,1753,2210,2017,2793,3282,2090,1015,388,209,36,1
인천광역시 서구 청라2동,2826053700,48867,6256,6619,5598,7794,10244,6848,3779,1169,478,76,6,24252,3252,3416,2775,3672,5040,3451,1909,558,165,14,0,24615,3004,3203,2823,4122,5204,3397,1870,611,313,62,6
인천광역시 서구 청라3동,2826053900,31513,4645,4074,3368,5551,6564,4159,2251,622,225,52,2,15595,2352,2065,1700,2587,3271,2099,1166,296,54,4,1,15918,2293,2009,1668,2964,3293,2060,1085,326,171,48,1
인천광역시 서구 가정1동,2826054200,27992,3169,2170,3256,4613,4625,4578,3559,1366,550,101,5,14070,1697,1129,1662,2270,2467,2237,1769,654,167,16,2,13922,1472,1041,1594,2343,2158,2341,1790,712,383,85,3
인천광역시 서구 가정2동,2826054300,6476,327,362,1014,905,776,1528,1109,293,129,33,0,3386,157,188,570,485,439,774,591,144,34,4,0,3090,170,174,444,420,337,754,518,149,95,29,0
인천광역시 서구 가정3동,2826054400,9607,413,686,1514,1182,1248,2184,1595,490,261,30,4,4804,199,359,800,642,648,1006,857,219,65,6,3,4803,214,327,714,540,600,1178,738,271,196,24,1
인천광역시 서구 석남1동,2826055000,22376,1076,1540,3071,2921,3139,4512,3851,1543,611,108,4,11510,552,802,1654,1650,1736,2262,1923,735,170,24,2,10866,524,738,1417,1271,1403,2250,1928,808,441,84,2
인천광역시 서구 석남2동,2826056000,13052,615,899,1643,1470,1817,2661,2381,1074,423,67,2,6778,317,478,926,819,994,1350,1216,515,145,18,0,6274,298,421,717,651,823,1311,1165,559,278,49,2
인천광역시 서구 석남3동,2826056100,13838,538,1167,2039,1581,1963,2851,2286,936,414,61,2,7008,306,573,1102,907,1033,1407,1125,425,122,8,0,6830,232,594,937,674,930,1444,1161,511,292,53,2
인천광역시 서구 신현원창동,2826057500,31637,2634,2963,4033,4243,4954,5804,4685,1628,585,105,3,15795,1334,1475,2098,2131,2553,2853,2353,797,188,13,0,15842,1300,1488,1935,2112,2401,2951,2332,831,397,92,3
인천광역시 서구 가좌1동,2826058000,12305,616,840,1766,1571,1801,2460,1986,855,369,40,1,6538,322,420,961,913,1019,1338,1049,382,122,11,1,5767,294,420,805,658,782,1122,937,473,247,29,0
인천광역시 서구 가좌2동,2826059000,20002,1267,1852,2731,2502,2927,3881,3122,1104,521,94,1,9747,655,946,1425,1276,1387,1810,1552,521,154,21,0,10255,612,906,1306,1226,1540,2071,1570,583,367,73,1
인천광역시 서구 가좌3동,2826060000,16589,676,1184,2336,1862,2204,3311,3018,1298,595,103,2,8438,346,619,1220,1041,1151,1657,1531,634,213,26,0,8151,330,565,1116,821,1053,1654,1487,664,382,77,2
인천광역시 서구 가좌4동,2826061000,10510,732,720,1234,1581,1529,1907,1776,671,306,52,2,5435,364,385,631,831,844,979,953,339,96,13,0,5075,368,335,603,750,685,928,823,332,210,39,2
인천광역시 서구 검단동,2826068000,32779,2458,3338,4597,4528,5708,5941,3812,1576,717,99,5,16918,1263,1687,2440,2446,3004,3114,1979,736,235,13,1,15861,1195,1651,2157,2082,2704,2827,1833,840,482,86,4
인천광역시 서구 불로대곡동,2826069000,22559,1680,2698,2848,2424,4257,4178,2397,1343,669,62,3,11490,860,1402,1537,1248,2160,2210,1194,598,262,18,1,11069,820,1296,1311,1176,2097,1968,1203,745,407,44,2
인천광역시 서구 원당동,2826070000,23971,2251,3375,2758,3035,5303,3841,1887,1001,434,83,3,12137,1165,1768,1398,1514,2622,2151,897,445,159,18,0,11834,1086,1607,1360,1521,2681,1690,990,556,275,65,3
인천광역시 서구 당하동,2826071000,27788,2670,3221,3803,4256,5308,4641,2420,953,448,67,1,13842,1390,1643,1879,2116,2658,2344,1205,415,170,21,1,13946,1280,1578,1924,2140,2650,2297,1215,538,278,46,0
인천광역시 서구 오류왕길동,2826072000,25517,2264,2702,3187,3342,4477,4500,3089,1263,570,116,7,12999,1135,1406,1613,1704,2350,2305,1655,620,195,15,1,12518,1129,1296,1574,1638,2127,2195,1434,643,375,101,6
인천광역시 서구 마전동,2826073000,22775,1936,3087,3164,2697,4242,3956,2176,1004,440,73,0,11222,1003,1539,1555,1337,2083,1969,1106,464,154,12,0,11553,933,1548,1609,1360,2159,1987,1070,540,286,61,0
인천광역시 서구 아라동,2826074000,16130,2969,1436,1490,4162,3134,1555,924,337,98,24,1,8036,1523,714,683,2001,1711,756,457,149,37,5,0,8094,1446,722,807,2161,1423,799,467,188,61,19,1
인천광역시 서구검단출장소 ,2826500000,0,0,0,0,0,0,0,0,0,0,0,0,0,0,0,0,0,0,0,0,0,0,0,0,0,0,0,0,0,0,0,0,0,0,0,0
인천광역시 강화군 ,2871000000,69502,3217,4539,5120,5189,7638,11712,15298,9956,5925,890,18,34782,1686,2323,2941,2712,4121,6048,7651,4728,2354,214,4,34720,1531,2216,2179,2477,3517,5664,7647,5228,3571,676,14
인천광역시 강화군 강화읍,2871025000,22698,1435,2154,2202,2093,3189,3751,3879,2448,1370,174,3,11205,778,1074,1231,1077,1617,1914,1872,1094,504,44,0,11493,657,1080,971,1016,1572,1837,2007,1354,866,130,3
인천광역시 강화군 선원면,2871031000,7985,482,689,683,661,1101,1325,1549,898,510,87,0,3962,220,354,392,335,565,672,768,437,199,20,0,4023,262,335,291,326,536,653,781,461,311,67,0
인천광역시 강화군 불은면,2871032000,4892,158,209,303,297,426,806,1333,777,485,97,1,2451,73,105,170,154,241,418,670,407,190,22,1,2441,85,104,133,143,185,388,663,370,295,75,0
인천광역시 강화군 길상면,2871033000,7139,292,402,488,596,752,1320,1769,945,484,89,2,3588,146,208,292,309,425,649,877,461,205,14,2,3551,146,194,196,287,327,671,892,484,279,75,0
인천광역시 강화군 화도면,2871034000,4552,145,202,255,312,383,769,1214,779,406,84,3,2316,72,117,152,177,226,372,623,378,175,24,0,2236,73,85,103,135,157,397,591,401,231,60,3
인천광역시 강화군 양도면,2871035000,4289,160,216,242,246,401,733,1054,702,457,75,3,2166,91,111,146,134,225,392,540,325,182,20,0,2123,69,105,96,112,176,341,514,377,275,55,3
인천광역시 강화군 내가면,2871036000,3051,83,104,156,191,233,509,815,593,327,38,2,1497,53,52,83,97,128,257,397,291,128,10,1,1554,30,52,73,94,105,252,418,302,199,28,1
인천광역시 강화군 하점면,2871037000,4020,134,142,215,236,316,631,984,766,537,58,1,2060,74,76,141,123,180,341,519,369,226,11,0,1960,60,66,74,113,136,290,465,397,311,47,1
인천광역시 강화군 양사면,2871038000,1874,69,71,91,73,150,326,449,363,251,31,0,925,38,32,52,33,80,188,223,166,107,6,0,949,31,39,39,40,70,138,226,197,144,25,0
인천광역시 강화군 송해면,2871039000,3281,126,135,196,206,276,562,756,589,382,51,2,1641,67,68,110,118,165,307,373,281,137,15,0,1640,59,67,86,88,111,255,383,308,245,36,2
인천광역시 강화군 교동면,2871040000,2863,59,108,149,141,191,505,697,587,377,48,1,1474,31,57,93,78,126,280,358,278,159,14,0,1389,28,51,56,63,65,225,339,309,218,34,1
인천광역시 강화군 삼산면,2871041000,2206,59,88,110,108,185,367,612,379,257,41,0,1149,35,57,61,61,118,198,328,172,110,9,0,1057,24,31,49,47,67,169,284,207,147,32,0
인천광역시 강화군 서도면,2871042000,388,9,17,20,21,23,64,103,70,51,10,0,202,5,10,12,10,16,35,53,42,16,3,0,186,4,7,8,11,7,29,50,28,35,7,0
인천광역시 강화군 서도면볼음출장소,2871042500,264,6,2,10,8,12,44,84,60,31,7,0,146,3,2,6,6,9,25,50,27,16,2,0,118,3,0,4,2,3,19,34,33,15,5,0
인천광역시 옹진군 ,2872000000,20404,878,1105,2576,1845,2335,3469,4394,2365,1153,271,13,11647,445,604,1891,1157,1470,2027,2384,1169,438,59,3,8757,433,501,685,688,865,1442,2010,1196,715,212,10
인천광역시 옹진군 북도면,2872031000,1167,34,47,81,74,109,196,361,165,81,14,5,612,15,21,47,41,60,114,193,88,29,3,1,555,19,26,34,33,49,82,168,77,52,11,4
인천광역시 옹진군 북도면장봉출장소,2872031500,997,25,26,51,60,111,204,279,159,59,20,3,532,15,14,32,41,65,116,147,79,21,1,1,465,10,12,19,19,46,88,132,80,38,19,2
인천광역시 옹진군 백령면,2872033000,5000,300,287,974,594,622,669,815,418,252,67,2,2947,155,136,761,356,411,390,432,201,87,18,0,2053,145,151,213,238,211,279,383,217,165,49,2
인천광역시 옹진군 대청면,2872034000,1195,48,65,174,115,112,199,245,149,76,12,0,689,26,35,131,74,70,117,136,59,36,5,0,506,22,30,43,41,42,82,109,90,40,7,0
인천광역시 옹진군 대청면소청출장소,2872034500,221,3,3,47,9,17,24,47,53,14,4,0,138,0,2,44,6,15,14,28,24,5,0,0,83,3,1,3,3,2,10,19,29,9,4,0
인천광역시 옹진군 덕적면,2872035000,1898,37,96,135,82,155,345,498,335,172,43,0,1039,17,62,82,49,96,214,283,159,69,8,0,859,20,34,53,33,59,131,215,176,103,35,0
인천광역시 옹진군 영흥면,2872036000,6533,294,418,548,630,826,1245,1480,725,306,59,2,3652,148,240,364,399,486,695,812,370,124,13,1,2881,146,178,184,231,340,550,668,355,182,46,1
인천광역시 옹진군 자월면,2872037000,960,24,28,86,37,91,199,234,159,84,17,1,519,14,14,48,25,60,123,120,81,30,4,0,441,10,14,38,12,31,76,114,78,54,13,1
인천광역시 옹진군 자월면이작출장소,2872037500,372,10,16,23,20,32,69,97,61,32,12,0,194,6,7,12,14,16,42,53,34,8,2,0,178,4,9,11,6,16,27,44,27,24,10,0
인천광역시 옹진군 연평면,2872038000,2061,103,119,457,224,260,319,338,141,77,23,0,1325,49,73,370,152,191,202,180,74,29,5,0,736,54,46,87,72,69,117,158,67,48,18,0
광주광역시  ,2900000000,1442138,114343,152805,207080,181567,236306,235316,171663,94422,42416,6012,208,713292,58648,79085,108068,92992,117398,116779,81849,41904,15232,1307,30,728846,55695,73720,99012,88575,118908,118537,89814,52518,27184,4705,178
광주광역시 동구 ,2911000000,103396,7261,7268,14853,13441,14023,15506,15151,10235,4948,682,28,51002,3752,3715,7639,6947,7335,7677,7118,4547,2066,199,7,52394,3509,3553,7214,6494,6688,7829,8033,5688,2882,483,21
광주광역시 동구 충장동,2911052500,4626,64,127,1249,644,497,606,743,474,191,30,1,2368,37,60,491,358,314,355,397,258,88,10,0,2258,27,67,758,286,183,251,346,216,103,20,1
광주광역시 동구 동명동,2911054500,3896,88,189,826,460,475,498,569,496,259,36,0,1965,39,96,419,274,254,256,279,204,133,11,0,1931,49,93,407,186,221,242,290,292,126,25,0
광주광역시 동구 계림1동,2911056000,10989,970,612,1413,1886,1537,1691,1527,934,356,61,2,5711,493,316,745,1028,838,921,775,441,140,14,0,5278,477,296,668,858,699,770,752,493,216,47,2
광주광역시 동구 계림2동,2911057000,9760,1042,837,1079,1394,1508,1283,1178,917,466,54,2,4746,554,431,596,695,738,622,527,373,191,18,1,5014,488,406,483,699,770,661,651,544,275,36,1
광주광역시 동구 산수1동,2911059000,8570,503,631,1166,1049,1195,1434,1231,872,432,54,3,4292,273,323,643,534,651,718,587,379,168,16,0,4278,230,308,523,515,544,716,644,493,264,38,3
광주광역시 동구 산수2동,2911060000,10465,602,786,1298,1104,1381,1732,1735,1179,583,62,3,5084,307,394,662,565,727,847,789,512,259,22,0,5381,295,392,636,539,654,885,946,667,324,40,3
광주광역시 동구 지산1동,2911062000,4271,172,333,877,459,550,607,580,422,237,27,7,2154,103,167,466,267,294,299,276,182,92,5,3,2117,69,166,411,192,256,308,304,240,145,22,4
광주광역시 동구 지산2동,2911063000,4606,196,354,925,413,574,727,629,479,267,41,1,2351,112,198,516,221,297,372,301,199,119,16,0,2255,84,156,409,192,277,355,328,280,148,25,1
광주광역시 동구 서남동,2911065500,3072,76,136,912,346,314,379,425,305,156,21,2,1641,34,61,488,204,194,222,211,146,73,7,1,1431,42,75,424,142,120,157,214,159,83,14,1
광주광역시 동구 학동,2911068500,7730,716,540,1020,1032,1083,1161,1050,752,334,42,0,3683,370,267,497,483,561,567,472,319,133,14,0,4047,346,273,523,549,522,594,578,433,201,28,0
광주광역시 동구 학운동,2911071000,11455,563,903,1288,1029,1398,1781,2041,1480,842,126,4,5401,284,478,685,520,659,833,895,640,362,43,2,6054,279,425,603,509,739,948,1146,840,480,83,2
광주광역시 동구 지원1동,2911073000,7823,512,643,903,961,1057,1248,1307,817,324,50,1,3784,276,332,460,479,560,583,593,372,119,10,0,4039,236,311,443,482,497,665,714,445,205,40,1
광주광역시 동구 지원2동,2911074000,16133,1757,1177,1897,2664,2454,2359,2136,1108,501,78,2,7822,870,592,971,1319,1248,1082,1016,522,189,13,0,8311,887,585,926,1345,1206,1277,1120,586,312,65,2
광주광역시 서구 ,2914000000,291411,20263,30018,44594,35080,47028,49418,35758,19426,8587,1202,37,142783,10478,15822,22811,17882,22760,24195,16800,8625,3134,273,3,148628,9785,14196,21783,17198,24268,25223,18958,10801,5453,929,34
광주광역시 서구 양동,2914057500,3727,103,143,387,322,405,582,748,690,317,29,1,1860,57,75,225,187,240,312,342,281,132,9,0,1867,46,68,162,135,165,270,406,409,185,20,1
광주광역시 서구 양3동,2914059000,4581,367,338,457,539,721,645,784,512,192,26,0,2230,196,191,243,260,400,318,332,216,70,4,0,2351,171,147,214,279,321,327,452,296,122,22,0
광주광역시 서구 농성1동,2914065000,10884,555,611,1604,1503,1484,1745,1577,1208,531,64,2,5386,278,343,799,801,770,911,706,552,211,15,0,5498,277,268,805,702,714,834,871,656,320,49,2
광주광역시 서구 농성2동,2914066000,4936,169,231,822,620,641,822,818,527,250,35,1,2583,91,144,434,346,369,421,406,253,110,9,0,2353,78,87,388,274,272,401,412,274,140,26,1
광주광역시 서구 광천동,2914073000,8123,540,565,1034,960,1235,1511,1230,708,297,41,2,4162,293,279,549,513,691,784,603,334,106,10,0,3961,247,286,485,447,544,727,627,374,191,31,2
광주광역시 서구 유덕동,2914074000,11019,834,1239,1742,1440,1923,1909,1017,580,292,43,0,5615,458,638,919,801,977,1000,491,215,107,9,0,5404,376,601,823,639,946,909,526,365,185,34,0
광주광역시 서구 치평동,2914074500,30344,2109,2904,5543,4155,4817,5401,3017,1495,809,90,4,14507,1042,1506,2652,2082,2238,2547,1492,623,298,26,1,15837,1067,1398,2891,2073,2579,2854,1525,872,511,64,3
광주광역시 서구 상무1동,2914075100,24773,1557,2378,4695,3479,3881,4005,2736,1440,521,79,2,12398,772,1172,2383,1875,1955,2026,1290,702,203,20,0,12375,785,1206,2312,1604,1926,1979,1446,738,318,59,2
광주광역시 서구 상무2동,2914075200,23868,1122,1653,4426,2939,3165,3947,3483,2088,918,123,4,11636,589,864,2126,1584,1628,1974,1639,901,303,28,0,12232,533,789,2300,1355,1537,1973,1844,1187,615,95,4
광주광역시 서구 화정1동,2914076000,15551,791,1059,3044,2322,2160,2329,1893,1231,629,91,2,7413,397,569,1364,1186,1129,1127,826,535,257,23,0,8138,394,490,1680,1136,1031,1202,1067,696,372,68,2
광주광역시 서구 화정2동,2914077000,20607,2274,2465,2287,2809,3735,2854,2448,1242,427,64,2,10290,1198,1455,1222,1357,1826,1360,1114,583,164,11,0,10317,1076,1010,1065,1452,1909,1494,1334,659,263,53,2
광주광역시 서구 화정3동,2914078000,10057,500,979,1536,1058,1355,1683,1624,869,384,66,3,4952,275,531,848,547,682,779,731,396,148,15,0,5105,225,448,688,511,673,904,893,473,236,51,3
광주광역시 서구 화정4동,2914079000,15414,1002,1528,2108,1639,2147,2563,2662,1195,488,78,4,7421,534,843,1129,848,987,1119,1220,553,171,16,1,7993,468,685,979,791,1160,1444,1442,642,317,62,3
광주광역시 서구 서창동,2914080000,5814,392,391,709,668,705,1203,969,478,248,50,1,3003,211,203,389,341,378,645,518,238,73,7,0,2811,181,188,320,327,327,558,451,240,175,43,1
광주광역시 서구 금호1동,2914082100,20056,1198,2031,2829,1977,2887,3842,3077,1453,676,85,1,9525,635,1108,1484,966,1287,1739,1463,633,195,15,0,10531,563,923,1345,1011,1600,2103,1614,820,481,70,1
광주광역시 서구 금호2동,2914082400,28597,2489,4141,4063,3010,5376,5276,2490,1161,505,82,4,13985,1287,2087,2208,1454,2405,2623,1185,539,179,18,0,14612,1202,2054,1855,1556,2971,2653,1305,622,326,64,4
광주광역시 서구 풍암동,2914083000,36811,2757,4946,5390,3997,7102,6495,3438,1752,829,102,3,18129,1407,2615,2824,1990,3273,3255,1685,738,315,26,1,18682,1350,2331,2566,2007,3829,3240,1753,1014,514,76,2
광주광역시 서구 동천동,2914084000,16249,1504,2416,1918,1643,3289,2606,1747,797,274,54,1,7688,758,1199,1013,744,1525,1255,757,333,92,12,0,8561,746,1217,905,899,1764,1351,990,464,182,42,1
광주광역시 남구 ,2915500000,215527,17041,22738,27682,25252,34296,32915,29082,17554,7799,1132,36,103559,8697,11354,14148,12548,16898,15651,13290,7821,2903,242,7,111968,8344,11384,13534,12704,17398,17264,15792,9733,4896,890,29
광주광역시 남구 양림동,2915551000,7046,422,757,790,640,1016,1102,1016,864,380,56,3,3229,206,374,395,310,494,496,427,366,143,16,2,3817,216,383,395,330,522,606,589,498,237,40,1
광주광역시 남구 방림1동,2915552000,6647,507,652,826,788,1061,967,911,641,261,27,6,3180,261,324,430,380,531,463,402,282,97,8,2,3467,246,328,396,408,530,504,509,359,164,19,4
광주광역시 남구 방림2동,2915553000,8939,446,734,1183,839,1205,1469,1426,1090,481,64,2,4216,233,370,604,445,599,680,620,474,177,14,0,4723,213,364,579,394,606,789,806,616,304,50,2
광주광역시 남구 봉선1동,2915553700,13488,790,1267,1958,1520,1993,2133,1959,1136,634,95,3,6334,412,640,989,780,970,977,860,462,221,23,0,7154,378,627,969,740,1023,1156,1099,674,413,72,3
광주광역시 남구 봉선2동,2915553800,28773,2853,4886,3179,2689,5615,4299,2960,1441,725,124,2,13464,1418,2456,1651,1180,2536,1990,1315,632,259,27,0,15309,1435,2430,1528,1509,3079,2309,1645,809,466,97,2
광주광역시 남구 사직동,2915554500,5219,260,285,645,614,743,833,839,666,305,28,1,2696,128,155,348,339,422,456,418,301,122,7,0,2523,132,130,297,275,321,377,421,365,183,21,1
광주광역시 남구 월산동,2915560500,8657,558,508,1021,1146,1197,1321,1298,1074,470,63,1,4435,291,275,561,627,708,702,618,474,166,13,0,4222,267,233,460,519,489,619,680,600,304,50,1
광주광역시 남구 월산4동,2915563000,8512,311,548,1150,1018,1122,1429,1525,965,388,54,2,4383,160,298,632,570,646,740,729,446,147,15,0,4129,151,250,518,448,476,689,796,519,241,39,2
광주광역시 남구 월산5동,2915564000,6416,234,331,918,737,811,1131,1247,693,279,35,0,3207,121,171,476,415,465,549,601,302,100,7,0,3209,113,160,442,322,346,582,646,391,179,28,0
광주광역시 남구 백운1동,2915567000,12226,897,1136,1490,1374,1841,1886,1900,1131,487,83,1,5761,467,543,760,678,897,889,830,472,206,19,0,6465,430,593,730,696,944,997,1070,659,281,64,1
광주광역시 남구 백운2동,2915568000,6359,445,417,990,877,865,943,916,618,255,33,0,3129,232,205,450,453,484,474,422,294,110,5,0,3230,213,212,540,424,381,469,494,324,145,28,0
광주광역시 남구 주월1동,2915569000,21908,1676,2265,3154,2590,3509,3549,2896,1601,591,76,1,10605,865,1162,1582,1305,1725,1649,1362,726,221,7,1,11303,811,1103,1572,1285,1784,1900,1534,875,370,69,0
광주광역시 남구 주월2동,2915570000,8021,451,543,1037,891,1075,1348,1439,876,323,36,2,3979,223,283,560,488,553,631,674,418,135,13,1,4042,228,260,477,403,522,717,765,458,188,23,1
광주광역시 남구 진월동,2915570500,29449,2141,4089,4153,2882,4932,4730,3480,2014,898,130,0,13731,1040,1915,2149,1336,2183,2237,1545,925,369,32,0,15718,1101,2174,2004,1546,2749,2493,1935,1089,529,98,0
광주광역시 남구 효덕동,2915571000,16151,1544,1718,2142,2239,2722,2100,2049,1134,422,75,6,7741,790,892,1021,1093,1346,969,935,529,151,15,0,8410,754,826,1121,1146,1376,1131,1114,605,271,60,6
광주광역시 남구 송암동,2915572000,21401,3119,2193,2530,3825,3783,2701,2025,794,354,75,2,10349,1633,1097,1251,1839,1882,1242,921,361,112,11,0,11052,1486,1096,1279,1986,1901,1459,1104,433,242,64,2
광주광역시 남구 대촌동,2915573000,6315,387,409,516,583,806,974,1196,816,546,78,4,3120,217,194,289,310,457,507,611,357,167,10,1,3195,170,215,227,273,349,467,585,459,379,68,3
광주광역시 북구 ,2917000000,427463,32078,41495,61406,54691,65841,71317,55854,29985,12922,1808,66,212180,16397,21840,32310,28514,33113,34961,26568,13441,4648,380,8,215283,15681,19655,29096,26177,32728,36356,29286,16544,8274,1428,58
광주광역시 북구 중흥1동,2917051000,4783,223,158,852,951,627,638,671,449,196,16,2,2474,103,88,373,502,390,363,359,209,81,5,1,2309,120,70,479,449,237,275,312,240,115,11,1
광주광역시 북구 중흥2동,2917052000,6867,265,460,1406,788,853,981,967,775,332,40,0,3505,139,229,721,464,451,518,474,345,149,15,0,3362,126,231,685,324,402,463,493,430,183,25,0
광주광역시 북구 중흥3동,2917053000,4804,244,294,891,711,720,641,625,463,194,19,2,2541,130,157,460,430,414,366,300,196,81,7,0,2263,114,137,431,281,306,275,325,267,113,12,2
광주광역시 북구 중앙동,2917055500,3116,71,111,478,406,376,520,575,368,166,39,6,1676,43,53,228,244,236,306,310,180,65,10,1,1440,28,58,250,162,140,214,265,188,101,29,5
광주광역시 북구 임동,2917057000,9135,692,591,1221,1406,1293,1352,1321,883,326,48,2,4506,362,306,600,726,691,678,590,400,146,7,0,4629,330,285,621,680,602,674,731,483,180,41,2
광주광역시 북구 신안동,2917058000,12381,489,683,2343,1974,1582,1947,1755,1073,491,42,2,6513,249,360,1205,1142,935,1059,868,486,198,11,0,5868,240,323,1138,832,647,888,887,587,293,31,2
광주광역시 북구 용봉동,2917059000,38548,2585,3630,7268,4790,5451,6654,4718,2400,936,113,3,19213,1291,1912,3862,2567,2727,3144,2241,1088,351,30,0,19335,1294,1718,3406,2223,2724,3510,2477,1312,585,83,3
광주광역시 북구 운암1동,2917060100,19359,1674,2243,2464,2200,3102,3067,2779,1334,437,58,1,9359,856,1152,1267,1059,1427,1441,1295,665,184,13,0,10000,818,1091,1197,1141,1675,1626,1484,669,253,45,1
광주광역시 북구 운암2동,2917060200,12031,502,873,1680,1306,1614,2063,2113,1287,527,62,4,6061,233,435,887,745,847,1076,992,606,224,16,0,5970,269,438,793,561,767,987,1121,681,303,46,4
광주광역시 북구 운암3동,2917060300,12684,878,1359,1778,1425,1809,2210,1917,861,373,74,0,6078,444,726,972,717,833,974,892,380,126,14,0,6606,434,633,806,708,976,1236,1025,481,247,60,0
광주광역시 북구 동림동,2917061500,23413,2116,2228,2991,3463,3825,3869,2920,1393,529,72,7,11529,1097,1189,1567,1754,1949,1819,1302,644,191,15,2,11884,1019,1039,1424,1709,1876,2050,1618,749,338,57,5
광주광역시 북구 우산동,2917062000,10323,370,632,1291,942,1211,1741,2058,1393,595,89,1,5005,187,338,659,514,662,876,946,608,199,16,0,5318,183,294,632,428,549,865,1112,785,396,73,1
광주광역시 북구 풍향동,2917063500,5741,520,502,717,748,912,871,753,479,213,24,2,2872,255,248,391,386,488,462,353,214,73,2,0,2869,265,254,326,362,424,409,400,265,140,22,2
광주광역시 북구 문화동,2917065000,20925,1664,1628,2571,2985,2936,3429,3102,1725,772,107,6,10295,832,890,1368,1529,1542,1635,1458,751,268,21,1,10630,832,738,1203,1456,1394,1794,1644,974,504,86,5
광주광역시 북구 문흥1동,2917065600,16017,1066,1856,2280,1567,2388,2956,2286,1089,466,61,2,7764,499,961,1231,794,1097,1386,1112,512,157,15,0,8253,567,895,1049,773,1291,1570,1174,577,309,46,2
광주광역시 북구 문흥2동,2917065700,15734,982,1414,2494,1963,2300,2551,2149,1213,579,86,3,7470,501,726,1265,1040,1139,1153,927,479,218,21,1,8264,481,688,1229,923,1161,1398,1222,734,361,65,2
광주광역시 북구 두암1동,2917066100,7775,265,590,1162,744,956,1364,1330,943,370,49,2,3873,146,313,600,403,515,682,598,444,157,15,0,3902,119,277,562,341,441,682,732,499,213,34,2
광주광역시 북구 두암2동,2917066200,16032,820,1291,2249,1695,2156,2892,2711,1545,586,86,1,7930,416,673,1179,907,1117,1432,1229,724,237,16,0,8102,404,618,1070,788,1039,1460,1482,821,349,70,1
광주광역시 북구 두암3동,2917066300,13458,424,773,1559,1260,1482,2516,2856,1646,825,114,3,6471,215,409,802,675,788,1238,1401,672,245,26,0,6987,209,364,757,585,694,1278,1455,974,580,88,3
광주광역시 북구 삼각동,2917066600,14136,953,1626,2209,1678,2325,2655,1588,742,310,50,0,7286,506,911,1252,885,1120,1356,795,343,109,9,0,6850,447,715,957,793,1205,1299,793,399,201,41,0
광주광역시 북구 일곡동,2917066900,29952,2264,4491,4601,2915,5439,5720,2575,1205,655,83,4,14671,1165,2427,2515,1401,2373,2804,1255,491,216,23,1,15281,1099,2064,2086,1514,3066,2916,1320,714,439,60,3
광주광역시 북구 매곡동,2917067300,13855,1117,1681,1954,1628,2188,2428,1655,769,371,62,2,6786,584,925,1050,802,1010,1100,820,355,130,10,0,7069,533,756,904,826,1178,1328,835,414,241,52,2
광주광역시 북구 오치1동,2917067600,10949,588,965,1705,1246,1559,2123,1601,799,310,50,3,5567,295,508,912,675,821,1080,787,375,104,10,0,5382,293,457,793,571,738,1043,814,424,206,40,3
광주광역시 북구 오치2동,2917067700,12544,499,754,1886,1442,1502,2379,2257,1158,584,83,0,6121,230,418,962,791,801,1125,1100,512,174,8,0,6423,269,336,924,651,701,1254,1157,646,410,75,0
광주광역시 북구 석곡동,2917068500,2534,72,124,236,215,210,494,582,362,208,30,1,1320,38,71,139,132,118,278,313,155,69,7,0,1214,34,53,97,83,92,216,269,207,139,23,1
광주광역시 북구 건국동,2917069500,22412,2623,2523,2725,3369,4014,3429,2119,1006,522,79,3,11349,1351,1305,1476,1696,2029,1797,1065,466,155,8,1,11063,1272,1218,1249,1673,1985,1632,1054,540,367,71,2
광주광역시 북구 양산동,2917069600,37938,3818,4110,5162,5735,6566,5955,3891,1814,757,127,3,19075,2012,2083,2704,3046,3325,2958,1869,802,250,26,0,18863,1806,2027,2458,2689,3241,2997,2022,1012,507,101,3
광주광역시 북구 신용동,2917069700,30017,4294,3905,3233,5139,6445,3872,1980,811,292,45,1,14870,2218,2027,1663,2488,3268,1855,917,339,91,4,0,15147,2076,1878,1570,2651,3177,2017,1063,472,201,41,1
광주광역시 광산구 ,2920000000,404341,37700,51286,58545,53103,75118,66160,35818,17222,8160,1188,41,203768,19324,26354,31160,27101,37292,34295,18073,7470,2481,213,5,200573,18376,24932,27385,26002,37826,31865,17745,9752,5679,975,36
광주광역시 광산구 송정1동,2920051500,10871,644,1070,1701,1160,1772,1854,1377,896,350,47,0,5522,342,546,969,606,915,981,658,365,128,12,0,5349,302,524,732,554,857,873,719,531,222,35,0
광주광역시 광산구 송정2동,2920052500,6574,322,358,1008,879,821,1110,936,777,317,43,3,3276,167,185,531,500,444,567,422,334,114,12,0,3298,155,173,477,379,377,543,514,443,203,31,3
광주광역시 광산구 도산동,2920054000,15329,1351,1574,2114,2063,2638,2460,1606,1020,443,58,2,7747,707,832,1170,1053,1368,1248,769,438,150,12,0,7582,644,742,944,1010,1270,1212,837,582,293,46,2
광주광역시 광산구 신흥동,2920055000,4605,300,393,573,534,703,780,648,467,174,30,3,2330,159,208,317,294,364,397,306,219,59,7,0,2275,141,185,256,240,339,383,342,248,115,23,3
광주광역시 광산구 어룡동,2920056500,33028,3789,3707,4013,5291,6176,4703,3207,1393,656,87,6,16888,1960,1876,2215,2714,3337,2382,1577,613,203,10,1,16140,1829,1831,1798,2577,2839,2321,1630,780,453,77,5
광주광역시 광산구 우산동,2920058000,28973,2334,2134,4288,4587,4236,5098,3685,1611,865,135,0,14717,1214,1097,2255,2495,2216,2601,1904,702,220,13,0,14256,1120,1037,2033,2092,2020,2497,1781,909,645,122,0
광주광역시 광산구 월곡1동,2920060000,10873,656,1069,1828,1224,1558,2164,1496,573,263,42,0,5532,341,577,994,672,770,1061,751,278,79,9,0,5341,315,492,834,552,788,1103,745,295,184,33,0
광주광역시 광산구 월곡2동,2920061000,15663,989,1898,2421,1697,2663,3032,1820,785,321,35,2,7891,506,979,1269,885,1309,1545,913,365,112,7,1,7772,483,919,1152,812,1354,1487,907,420,209,28,1
광주광역시 광산구 비아동,2920062000,7482,684,786,858,900,1426,1417,749,407,228,27,0,3961,354,413,491,477,772,800,404,182,62,6,0,3521,330,373,367,423,654,617,345,225,166,21,0
광주광역시 광산구 첨단1동,2920062400,27355,1982,3371,4946,3451,4198,5536,2542,831,420,76,2,13579,1029,1699,2608,1785,1920,2626,1385,367,148,11,1,13776,953,1672,2338,1666,2278,2910,1157,464,272,65,1
광주광역시 광산구 첨단2동,2920062600,43340,3623,5428,7883,5785,7799,7814,3132,1165,627,81,3,21840,1830,2824,4190,3040,3671,3960,1649,479,183,14,0,21500,1793,2604,3693,2745,4128,3854,1483,686,444,67,3
광주광역시 광산구 신가동,2920063000,18470,1989,2761,2630,2274,3814,2924,1202,612,230,33,1,9370,1026,1406,1401,1115,1879,1619,578,272,67,7,0,9100,963,1355,1229,1159,1935,1305,624,340,163,26,1
광주광역시 광산구 운남동,2920063500,30920,2675,3767,4642,3861,5608,5625,2668,1382,620,68,4,15120,1361,1969,2362,1919,2701,2794,1286,516,191,21,0,15800,1314,1798,2280,1942,2907,2831,1382,866,429,47,4
광주광역시 광산구 수완동,2920063700,77408,9431,13661,9677,9720,17805,10540,4150,1737,586,98,3,38132,4814,6811,5043,4470,8514,5613,1965,727,158,16,1,39276,4617,6850,4634,5250,9291,4927,2185,1010,428,82,2
광주광역시 광산구 하남동,2920064000,26178,3125,3450,3503,3859,5318,3855,2087,661,266,52,2,13510,1593,1813,1898,1977,2758,1986,1100,307,71,7,0,12668,1532,1637,1605,1882,2560,1869,987,354,195,45,2
광주광역시 광산구 임곡동,2920065000,2138,56,113,157,120,179,389,476,327,262,58,1,1106,21,60,92,71,113,237,267,151,88,6,0,1032,35,53,65,49,66,152,209,176,174,52,1
광주광역시 광산구 동곡동,2920066000,1860,41,68,155,141,165,304,418,346,198,24,0,951,22,42,83,91,106,175,216,161,51,4,0,909,19,26,72,50,59,129,202,185,147,20,0
광주광역시 광산구 평동,2920067000,4054,124,139,417,444,486,643,823,565,349,61,3,2261,60,80,259,271,343,415,449,270,102,12,0,1793,64,59,158,173,143,228,374,295,247,49,3
광주광역시 광산구 삼도동,2920068000,2204,46,119,165,142,200,368,469,359,293,42,1,1151,19,66,107,91,117,235,262,173,75,6,0,1053,27,53,58,51,83,133,207,186,218,36,1
광주광역시 광산구 본량동,2920069000,2013,32,91,143,129,206,316,389,351,309,46,1,1002,17,49,77,65,129,189,225,139,100,12,0,1011,15,42,66,64,77,127,164,212,209,34,1
광주광역시 광산구 신창동,2920070000,35003,3507,5329,5423,4842,7347,5228,1938,957,383,45,4,17882,1782,2822,2829,2510,3546,2864,987,412,120,9,1,17121,1725,2507,2594,2332,3801,2364,951,545,263,36,3
대전광역시  ,3000000000,1453675,107912,142601,210148,189983,231153,240267,190076,92291,42957,6098,189,725406,55492,73738,110127,99530,115145,120042,92225,42054,15636,1384,33,728269,52420,68863,100021,90453,116008,120225,97851,50237,27321,4714,156
대전광역시 동구 ,3011000000,223038,14302,19589,30294,25440,33546,36396,34284,19134,8853,1159,41,112408,7430,10147,16006,13761,17529,18836,16590,8608,3205,286,10,110630,6872,9442,14288,11679,16017,17560,17694,10526,5648,873,31
대전광역시 동구 중앙동,3011051500,4566,115,127,319,376,468,887,1138,765,329,41,1,2557,55,56,188,223,303,591,641,366,125,9,0,2009,60,71,131,153,165,296,497,399,204,32,1
대전광역시 동구 효동,3011053000,24767,2319,3343,2580,2725,4802,3621,3021,1599,652,103,2,12190,1164,1742,1394,1334,2363,1818,1397,710,244,24,0,12577,1155,1601,1186,1391,2439,1803,1624,889,408,79,2
대전광역시 동구 신인동,3011054500,12018,847,867,1291,1528,1738,1915,2010,1209,551,61,1,5869,432,471,638,807,931,906,897,548,223,16,0,6149,415,396,653,721,807,1009,1113,661,328,45,1
대전광역시 동구 판암1동,3011055100,12405,755,932,1473,1466,1683,2153,2033,1214,618,76,2,6077,423,482,783,785,823,1059,968,517,211,25,1,6328,332,450,690,681,860,1094,1065,697,407,51,1
대전광역시 동구 판암2동,3011055200,8522,246,361,750,703,973,1453,1952,1278,701,104,1,4159,125,193,418,414,562,761,927,517,219,22,1,4363,121,168,332,289,411,692,1025,761,482,82,0
대전광역시 동구 용운동,3011056000,21982,1659,1835,3366,2989,3239,3614,3107,1470,615,83,5,11068,870,913,1787,1600,1670,1793,1512,686,215,20,2,10914,789,922,1579,1389,1569,1821,1595,784,400,63,3
대전광역시 동구 대동,3011058500,14999,1357,1431,1733,1913,2379,2368,2049,1131,557,78,3,7504,708,756,901,994,1208,1202,1001,510,201,23,0,7495,649,675,832,919,1171,1166,1048,621,356,55,3
대전광역시 동구 자양동,3011059000,10680,355,756,2826,1049,1226,1575,1553,899,390,48,3,5666,182,379,1545,643,709,850,775,415,159,9,0,5014,173,377,1281,406,517,725,778,484,231,39,3
대전광역시 동구 가양1동,3011062000,13736,759,1066,1940,1402,2005,2297,2297,1315,588,63,4,7060,375,542,1063,774,1093,1228,1147,595,222,20,1,6676,384,524,877,628,912,1069,1150,720,366,43,3
대전광역시 동구 가양2동,3011063000,18352,891,1716,2930,1932,2612,3307,2791,1439,651,79,4,9213,468,899,1485,1090,1343,1685,1335,658,237,13,0,9139,423,817,1445,842,1269,1622,1456,781,414,66,4
대전광역시 동구 용전동,3011064000,20630,1029,1462,3981,3057,3106,3305,2727,1353,545,63,2,10605,539,755,2034,1757,1653,1732,1316,610,195,14,0,10025,490,707,1947,1300,1453,1573,1411,743,350,49,2
대전광역시 동구 성남동,3011066500,12015,855,905,1295,1415,1739,2045,1997,1174,507,79,4,5963,464,446,684,747,925,1043,933,527,174,19,1,6052,391,459,611,668,814,1002,1064,647,333,60,3
대전광역시 동구 홍도동,3011067000,11127,540,789,2115,1275,1510,1847,1717,868,416,50,0,5614,304,404,1065,696,821,951,830,381,158,4,0,5513,236,385,1050,579,689,896,887,487,258,46,0
대전광역시 동구 삼성동,3011069500,14114,756,1212,1455,1368,2076,2492,2470,1500,699,85,1,7186,368,640,810,742,1106,1328,1203,689,273,26,1,6928,388,572,645,626,970,1164,1267,811,426,59,0
대전광역시 동구 대청동,3011072500,2421,55,130,191,150,238,456,579,330,249,43,0,1256,23,61,108,98,135,263,323,156,75,14,0,1165,32,69,83,52,103,193,256,174,174,29,0
대전광역시 동구 산내동,3011074000,20704,1764,2657,2049,2092,3752,3061,2843,1590,785,103,8,10421,930,1408,1103,1057,1884,1626,1385,723,274,28,3,10283,834,1249,946,1035,1868,1435,1458,867,511,75,5
대전광역시 중구 ,3014000000,231306,14056,21064,30196,25188,35384,38996,34827,20561,9680,1315,39,113977,7191,10886,15356,13009,17880,19765,16640,9218,3714,310,8,117329,6865,10178,14840,12179,17504,19231,18187,11343,5966,1005,31
대전광역시 중구 은행선화동,3014053500,15723,873,979,2712,2337,2399,2527,2211,1123,478,81,3,8079,412,486,1275,1254,1348,1429,1160,515,180,19,1,7644,461,493,1437,1083,1051,1098,1051,608,298,62,2
대전광역시 중구 목동,3014055000,14434,1378,2442,1558,1419,3181,2140,1260,689,324,38,5,6901,704,1211,770,633,1471,1127,561,288,126,9,1,7533,674,1231,788,786,1710,1013,699,401,198,29,4
대전광역시 중구 중촌동,3014056000,12564,623,1110,1470,1252,1913,2235,2069,1208,594,87,3,6127,309,589,803,658,974,1089,953,526,198,27,1,6437,314,521,667,594,939,1146,1116,682,396,60,2
대전광역시 중구 대흥동,3014057500,13843,836,1098,2452,1950,2140,1952,1798,1045,471,98,3,6835,458,583,1124,1002,1126,1007,865,452,188,29,1,7008,378,515,1328,948,1014,945,933,593,283,69,2
대전광역시 중구 문창동,3014060500,4708,164,297,508,418,572,838,923,616,328,43,1,2457,94,162,283,236,334,480,468,269,126,5,0,2251,70,135,225,182,238,358,455,347,202,38,1
대전광역시 중구 석교동,3014062000,15666,683,1080,1757,1545,2007,2762,3126,1857,755,92,2,7874,354,551,949,868,1098,1389,1511,843,291,19,1,7792,329,529,808,677,909,1373,1615,1014,464,73,1
대전광역시 중구 대사동,3014063000,5446,161,252,1019,636,583,852,946,605,349,42,1,2647,92,149,433,356,327,438,436,259,145,12,0,2799,69,103,586,280,256,414,510,346,204,30,1
대전광역시 중구 부사동,3014064000,6744,294,424,803,677,837,1229,1288,750,372,69,1,3414,164,240,409,391,451,631,621,343,149,15,0,3330,130,184,394,286,386,598,667,407,223,54,1
대전광역시 중구 용두동,3014065500,9529,513,718,1733,1334,1340,1452,1172,806,410,51,0,4598,248,327,811,694,690,764,559,346,148,11,0,4931,265,391,922,640,650,688,613,460,262,40,0
대전광역시 중구 오류동,3014067000,10640,642,769,1508,1362,1442,1790,1512,966,556,93,0,5014,312,385,734,683,706,838,714,413,207,22,0,5626,330,384,774,679,736,952,798,553,349,71,0
대전광역시 중구 태평1동,3014068000,13365,1087,1571,1478,1462,2385,2247,1599,1038,449,49,0,6471,581,759,774,721,1126,1135,755,447,164,9,0,6894,506,812,704,741,1259,1112,844,591,285,40,0
대전광역시 중구 태평2동,3014069000,25715,1810,2974,2967,2243,4220,4477,3582,2260,1033,142,7,12375,925,1538,1574,1070,1964,2187,1618,1045,423,31,0,13340,885,1436,1393,1173,2256,2290,1964,1215,610,111,7
대전광역시 중구 유천1동,3014070000,6596,324,327,884,869,929,1124,1211,615,282,30,1,3453,178,188,480,476,538,589,614,277,106,7,0,3143,146,139,404,393,391,535,597,338,176,23,1
대전광역시 중구 유천2동,3014071000,13739,850,954,1776,1544,1923,2208,2296,1439,668,79,2,6786,428,510,917,797,1014,1078,1073,684,264,20,1,6953,422,444,859,747,909,1130,1223,755,404,59,1
대전광역시 중구 문화1동,3014072000,22490,1813,2788,2861,2319,3843,3604,2687,1647,827,99,2,10845,940,1455,1401,1095,1780,1805,1278,725,341,24,1,11645,873,1333,1460,1224,2063,1799,1409,922,486,75,1
대전광역시 중구 문화2동,3014073000,12705,602,1032,1540,1241,1766,2371,2133,1230,700,87,3,6164,302,555,837,700,861,1145,990,498,259,17,0,6541,300,477,703,541,905,1226,1143,732,441,70,3
대전광역시 중구 산성동,3014074000,27399,1403,2249,3170,2580,3904,5188,5014,2667,1084,135,5,13937,690,1198,1782,1375,2072,2634,2464,1288,399,34,1,13462,713,1051,1388,1205,1832,2554,2550,1379,685,101,4
대전광역시 서구 ,3017000000,473952,35892,48332,73110,64807,76314,76970,58289,26449,11977,1758,54,233010,18500,24876,37308,33202,36926,37315,27972,12112,4402,387,10,240942,17392,23456,35802,31605,39388,39655,30317,14337,7575,1371,44
대전광역시 서구 복수동,3017051000,22490,1995,3030,2789,2529,4212,3513,2593,1245,511,71,2,11089,1007,1546,1425,1266,2000,1752,1254,613,209,16,1,11401,988,1484,1364,1263,2212,1761,1339,632,302,55,1
대전광역시 서구 도마1동,3017052000,15324,693,976,2568,1598,1805,2597,2791,1564,654,76,2,7773,365,514,1426,887,993,1293,1299,722,253,21,0,7551,328,462,1142,711,812,1304,1492,842,401,55,2
대전광역시 서구 도마2동,3017053000,17370,825,1359,2491,1794,2306,2921,3140,1712,740,80,2,8750,459,701,1364,981,1226,1447,1449,801,306,16,0,8620,366,658,1127,813,1080,1474,1691,911,434,64,2
대전광역시 서구 정림동,3017053500,16197,1005,1428,1959,1683,2228,3024,2893,1296,587,93,1,7900,532,761,1052,860,1096,1380,1399,594,204,22,0,8297,473,667,907,823,1132,1644,1494,702,383,71,1
대전광역시 서구 변동,3017054000,16125,941,1217,2094,1996,2235,2833,2696,1444,585,82,2,8180,517,636,1120,1097,1160,1435,1294,660,241,19,1,7945,424,581,974,899,1075,1398,1402,784,344,63,1
대전광역시 서구 용문동,3017055000,12305,563,616,2478,2140,1692,1723,1669,939,425,57,3,5865,288,317,1134,1111,890,825,730,404,146,20,0,6440,275,299,1344,1029,802,898,939,535,279,37,3
대전광역시 서구 탄방동,3017055500,27332,1637,2355,5452,4672,4371,4286,2831,1097,546,82,3,13122,866,1238,2508,2368,2052,2047,1356,473,201,13,0,14210,771,1117,2944,2304,2319,2239,1475,624,345,69,3
대전광역시 서구 괴정동,3017056000,19293,1117,1249,4566,3600,2822,2541,2003,952,377,63,3,9428,561,640,2089,1939,1482,1177,941,430,156,13,0,9865,556,609,2477,1661,1340,1364,1062,522,221,50,3
대전광역시 서구 가장동,3017057000,11853,756,1050,1574,1412,1787,1953,1858,1002,409,52,0,5757,394,520,780,741,885,942,857,456,171,11,0,6096,362,530,794,671,902,1011,1001,546,238,41,0
대전광역시 서구 내동,3017057500,23794,1805,2593,3169,2662,3906,3961,3225,1679,697,96,1,11376,913,1232,1640,1318,1856,1869,1474,769,282,23,0,12418,892,1361,1529,1344,2050,2092,1751,910,415,73,1
대전광역시 서구 갈마1동,3017058100,21587,1096,1572,4277,3469,3036,3361,3057,1164,487,66,2,11027,594,833,2257,2000,1519,1603,1445,578,186,11,1,10560,502,739,2020,1469,1517,1758,1612,586,301,55,1
대전광역시 서구 갈마2동,3017058200,25008,1377,1975,5578,4205,3728,4035,2679,925,451,53,2,12504,687,948,2851,2296,1880,1939,1303,433,158,9,0,12504,690,1027,2727,1909,1848,2096,1376,492,293,44,2
대전광역시 서구 월평1동,3017058600,11233,339,535,2886,1923,1469,1876,1371,573,221,38,2,5998,171,289,1539,1146,839,971,687,271,80,4,1,5235,168,246,1347,777,630,905,684,302,141,34,1
대전광역시 서구 월평2동,3017058700,14784,739,1265,1797,1483,1885,2761,2663,1271,784,134,2,7012,363,650,976,758,867,1299,1304,552,216,26,1,7772,376,615,821,725,1018,1462,1359,719,568,108,1
대전광역시 서구 월평3동,3017058800,21359,1715,2630,2672,2598,3330,3826,3105,953,449,80,1,10504,882,1415,1476,1278,1517,1756,1568,443,150,19,0,10855,833,1215,1196,1320,1813,2070,1537,510,299,61,1
대전광역시 서구 가수원동,3017059000,42774,5367,4969,5112,6738,8019,5936,4218,1626,677,106,6,21046,2725,2556,2571,3250,4018,2868,2013,761,254,28,2,21728,2642,2413,2541,3488,4001,3068,2205,865,423,78,4
대전광역시 서구 관저1동,3017059600,15674,1232,1583,2751,2021,2306,2775,1713,814,422,55,2,7471,632,831,1305,1014,1032,1289,868,333,148,19,0,8203,600,752,1446,1007,1274,1486,845,481,274,36,2
대전광역시 서구 관저2동,3017059700,50223,5936,6094,6715,7713,9419,7704,4015,1737,770,117,3,24523,3064,3091,3418,3735,4471,3828,1884,774,238,19,1,25700,2872,3003,3297,3978,4948,3876,2131,963,532,98,2
대전광역시 서구 기성동,3017060000,3726,91,167,281,261,395,667,799,562,408,91,4,1921,56,84,156,148,234,371,454,255,147,16,0,1805,35,83,125,113,161,296,345,307,261,75,4
대전광역시 서구 둔산1동,3017063000,16864,1514,3394,1610,1260,3928,2542,1352,823,370,69,2,8320,783,1774,854,542,1755,1365,677,390,155,23,2,8544,731,1620,756,718,2173,1177,675,433,215,46,0
대전광역시 서구 둔산2동,3017064000,35963,3083,4145,5385,5340,6115,6342,3681,1222,577,72,1,17419,1591,2145,2662,2566,2779,3029,1848,576,210,13,0,18544,1492,2000,2723,2774,3336,3313,1833,646,367,59,1
대전광역시 서구 만년동,3017065000,12826,929,1266,2311,2039,1989,2257,1324,457,217,37,0,6441,460,653,1306,1073,931,1075,657,203,75,8,0,6385,469,613,1005,966,1058,1182,667,254,142,29,0
대전광역시 서구 둔산3동,3017066000,19848,1137,2864,2595,1671,3331,3536,2613,1392,613,88,8,9584,590,1502,1399,828,1444,1755,1211,621,216,18,0,10264,547,1362,1196,843,1887,1781,1402,771,397,70,8
대전광역시 유성구 ,3020000000,351049,33210,37744,52454,54927,59829,54663,36458,13838,6774,1123,29,177352,17093,19558,28142,28785,29428,27269,18048,6482,2296,248,3,173697,16117,18186,24312,26142,30401,27394,18410,7356,4478,875,26
대전광역시 유성구 진잠동,3020052000,25243,1912,2446,3305,2793,4178,4736,3428,1523,808,112,2,12926,993,1331,1796,1525,2160,2415,1702,711,269,24,0,12317,919,1115,1509,1268,2018,2321,1726,812,539,88,2
대전광역시 유성구 학하동,3020052600,17133,1809,1267,2669,2823,2598,2762,2259,621,274,48,3,8840,918,650,1570,1433,1343,1289,1183,344,99,10,1,8293,891,617,1099,1390,1255,1473,1076,277,175,38,2
대전광역시 유성구 상대동,3020052700,19697,2253,2768,1968,2570,3839,3109,2180,659,287,63,1,9568,1132,1435,1007,1186,1796,1511,1081,305,105,10,0,10129,1121,1333,961,1384,2043,1598,1099,354,182,53,1
대전광역시 유성구 온천1동,3020053000,26911,900,1006,6601,5562,3300,4042,3172,1510,706,108,4,13884,459,524,3165,3257,1807,2080,1635,683,246,28,0,13027,441,482,3436,2305,1493,1962,1537,827,460,80,4
대전광역시 유성구 온천2동,3020054000,40258,3393,3128,8726,6274,5577,5772,4733,1736,785,134,0,20956,1710,1620,5052,3455,2820,2802,2329,851,282,35,0,19302,1683,1508,3674,2819,2757,2970,2404,885,503,99,0
대전광역시 유성구 노은1동,3020054600,21942,2120,3018,2778,3120,4220,3347,1928,898,440,69,4,10892,1111,1549,1449,1564,2006,1699,928,407,164,14,1,11050,1009,1469,1329,1556,2214,1648,1000,491,276,55,3
대전광역시 유성구 노은2동,3020054700,24542,2236,3386,3075,3023,4584,4084,2351,1116,591,95,1,12048,1164,1737,1572,1505,2154,2044,1136,498,217,21,0,12494,1072,1649,1503,1518,2430,2040,1215,618,374,74,1
대전광역시 유성구 노은3동,3020054800,37533,4756,4595,3734,5869,7430,5401,3657,1419,566,101,5,18419,2418,2346,1972,2763,3615,2635,1745,686,218,21,0,19114,2338,2249,1762,3106,3815,2766,1912,733,348,80,5
대전광역시 유성구 신성동,3020055000,26209,2863,2879,4118,5276,4228,3558,2118,695,412,62,0,13705,1499,1496,2248,2913,2131,1836,1097,345,126,14,0,12504,1364,1383,1870,2363,2097,1722,1021,350,286,48,0
대전광역시 유성구 전민동,3020057000,27165,2515,3147,4315,4488,4201,4468,2679,766,474,110,2,13921,1332,1600,2371,2506,1992,2185,1401,368,133,33,0,13244,1183,1547,1944,1982,2209,2283,1278,398,341,77,2
대전광역시 유성구 구즉동,3020058000,27561,2344,3008,4194,3968,4634,4744,2687,1193,687,99,3,14091,1193,1544,2337,2143,2333,2475,1350,483,212,21,0,13470,1151,1464,1857,1825,2301,2269,1337,710,475,78,3
대전광역시 유성구 관평동,3020060000,28870,3026,4448,3742,3937,5823,4632,2261,645,306,50,0,14767,1537,2355,2007,2011,2779,2508,1151,324,87,8,0,14103,1489,2093,1735,1926,3044,2124,1110,321,219,42,0
대전광역시 유성구 원신흥동,3020061000,27985,3083,2648,3229,5224,5217,4008,3005,1057,438,72,4,13335,1627,1371,1596,2524,2492,1790,1310,477,138,9,1,14650,1456,1277,1633,2700,2725,2218,1695,580,300,63,3
대전광역시 대덕구 ,3023000000,174330,10452,15872,24094,19621,26080,33242,26218,12309,5673,743,26,88659,5278,8271,13315,10773,13382,16857,12975,5634,2019,153,2,85671,5174,7601,10779,8848,12698,16385,13243,6675,3654,590,24
대전광역시 대덕구 오정동,3023051000,14619,603,978,2377,1542,1861,2667,2678,1346,487,75,5,7768,311,542,1306,890,1062,1422,1371,656,194,13,1,6851,292,436,1071,652,799,1245,1307,690,293,62,4
대전광역시 대덕구 대화동,3023052000,6992,263,474,801,776,1029,1327,1326,677,267,50,2,3696,140,263,467,414,587,719,691,315,92,8,0,3296,123,211,334,362,442,608,635,362,175,42,2
대전광역시 대덕구 회덕동,3023052500,12350,616,960,1403,1192,1679,2316,2333,1164,612,73,2,6270,302,504,768,662,884,1219,1142,555,213,21,0,6080,314,456,635,530,795,1097,1191,609,399,52,2
대전광역시 대덕구 비래동,3023053300,16305,877,1603,2180,1585,2425,3176,2614,1240,536,67,2,8107,442,841,1173,880,1202,1552,1218,570,213,15,1,8198,435,762,1007,705,1223,1624,1396,670,323,52,1
대전광역시 대덕구 송촌동,3023054300,27308,1903,3679,4004,2599,4747,5638,2882,1152,626,76,2,13488,943,1856,2163,1328,2126,2837,1477,507,236,15,0,13820,960,1823,1841,1271,2621,2801,1405,645,390,61,2
대전광역시 대덕구 중리동,3023054600,19621,891,1567,3003,2221,2979,3752,3092,1449,602,64,1,10204,451,846,1670,1258,1608,1944,1514,675,226,12,0,9417,440,721,1333,963,1371,1808,1578,774,376,52,1
대전광역시 대덕구 신탄진동,3023055000,11070,458,886,1452,1107,1504,2147,1927,1034,494,55,6,5693,214,480,817,643,814,1108,940,491,177,9,0,5377,244,406,635,464,690,1039,987,543,317,46,6
대전광역시 대덕구 석봉동,3023056000,16434,1959,1502,1927,2802,2697,2601,1866,680,353,46,1,8413,1019,768,1047,1426,1445,1282,963,323,128,12,0,8021,940,734,880,1376,1252,1319,903,357,225,34,1
대전광역시 대덕구 덕암동,3023057000,13927,736,1167,2161,1695,2093,2638,1902,996,475,61,3,7409,381,610,1237,1016,1136,1450,938,447,177,17,0,6518,355,557,924,679,957,1188,964,549,298,44,3
대전광역시 대덕구 목상동,3023058000,6573,423,596,973,1000,1166,1190,754,311,137,23,0,3579,213,296,563,627,663,632,390,147,46,2,0,2994,210,300,410,373,503,558,364,164,91,21,0
대전광역시 대덕구 법1동,3023060000,13161,840,1001,1710,1595,1716,2567,2096,1059,512,63,2,6219,407,508,910,834,845,1184,969,412,137,13,0,6942,433,493,800,761,871,1383,1127,647,375,50,2
대전광역시 대덕구 법2동,3023061000,15970,883,1459,2103,1507,2184,3223,2748,1201,572,90,0,7813,455,757,1194,795,1010,1508,1362,536,180,16,0,8157,428,702,909,712,1174,1715,1386,665,392,74,0
울산광역시  ,3100000000,1122495,92477,110182,138053,145385,183960,207162,155227,62736,23987,3241,85,576636,47508,57850,77901,77336,94098,105198,78076,29956,8152,553,8,545859,44969,52332,60152,68049,89862,101964,77151,32780,15835,2688,77
울산광역시 중구 ,3111000000,213441,15382,19555,25394,25261,33173,40298,33489,14792,5433,648,16,108044,7914,10391,14253,13268,16938,20107,16282,6851,1932,107,1,105397,7468,9164,11141,11993,16235,20191,17207,7941,3501,541,15
울산광역시 중구 학성동,3111051000,11219,519,672,1299,1348,1502,1959,2137,1286,441,53,3,5719,252,354,703,760,845,1060,1009,569,159,8,0,5500,267,318,596,588,657,899,1128,717,282,45,3
울산광역시 중구 반구1동,3111052000,16964,1299,1300,1979,2349,2585,3276,2721,1054,357,42,2,8802,660,677,1098,1274,1412,1698,1333,510,136,4,0,8162,639,623,881,1075,1173,1578,1388,544,221,38,2
울산광역시 중구 반구2동,3111053000,8681,366,570,1251,1012,1100,1727,1551,789,275,40,0,4413,206,307,686,552,582,858,731,384,100,7,0,4268,160,263,565,460,518,869,820,405,175,33,0
울산광역시 중구 복산1동,3111054000,4423,192,295,528,463,501,877,944,456,153,14,0,2223,116,158,289,273,258,409,460,201,57,2,0,2200,76,137,239,190,243,468,484,255,96,12,0
울산광역시 중구 복산2동,3111055000,11268,897,1072,1449,1595,1715,2046,1533,679,245,37,0,5617,440,558,799,855,856,971,718,335,77,8,0,5651,457,514,650,740,859,1075,815,344,168,29,0
울산광역시 중구 중앙동,3111058500,12691,392,618,1478,1253,1518,2443,2842,1516,581,50,0,6541,208,323,838,749,834,1265,1441,656,215,12,0,6150,184,295,640,504,684,1178,1401,860,366,38,0
울산광역시 중구 우정동,3111059000,18343,1225,1530,2131,2183,2684,3301,3155,1437,626,71,0,9138,656,832,1169,1129,1368,1612,1514,615,224,19,0,9205,569,698,962,1054,1316,1689,1641,822,402,52,0
울산광역시 중구 태화동,3111060000,33155,3202,3669,3638,4126,5857,5797,4445,1775,565,79,2,16532,1708,1925,2073,2002,2861,2754,2152,850,196,11,0,16623,1494,1744,1565,2124,2996,3043,2293,925,369,68,2
울산광역시 중구 다운동,3111061000,22715,946,1902,3051,2033,3119,4959,4016,1835,777,77,0,11566,475,1048,1782,1137,1544,2484,1974,849,259,14,0,11149,471,854,1269,896,1575,2475,2042,986,518,63,0
울산광역시 중구 병영1동,3111062000,22079,1375,2181,2812,2228,3175,4646,3669,1444,484,61,4,11215,694,1174,1616,1164,1563,2306,1802,700,188,8,0,10864,681,1007,1196,1064,1612,2340,1867,744,296,53,4
울산광역시 중구 병영2동,3111063000,20203,1919,1913,2116,2666,3383,3567,3051,1128,417,42,1,10164,941,1019,1197,1357,1779,1742,1470,517,139,3,0,10039,978,894,919,1309,1604,1825,1581,611,278,39,1
울산광역시 중구 약사동,3111064000,10837,1267,1287,1260,1578,1823,1978,1102,380,139,22,1,5436,634,674,691,764,877,1004,558,171,58,5,0,5401,633,613,569,814,946,974,544,209,81,17,1
울산광역시 중구 성안동,3111065000,20863,1783,2546,2402,2427,4211,3722,2323,1013,373,60,3,10678,924,1342,1312,1252,2159,1944,1120,494,124,6,1,10185,859,1204,1090,1175,2052,1778,1203,519,249,54,2
울산광역시 남구 ,3114000000,314331,22630,29247,43596,40991,49642,60795,43665,17087,5952,706,20,160282,11630,15452,24304,21934,24445,30415,21719,8136,2123,123,1,154049,11000,13795,19292,19057,25197,30380,21946,8951,3829,583,19
울산광역시 남구 신정1동,3114051000,18287,773,1061,2394,2192,2359,3508,3624,1746,570,54,6,9218,401,541,1343,1230,1276,1708,1724,778,209,8,0,9069,372,520,1051,962,1083,1800,1900,968,361,46,6
울산광역시 남구 신정2동,3114052000,24244,1885,3055,3086,2694,4233,4707,2862,1282,391,48,1,12378,992,1640,1743,1395,1967,2436,1433,609,156,7,0,11866,893,1415,1343,1299,2266,2271,1429,673,235,41,1
울산광역시 남구 신정3동,3114053000,16383,1240,1210,2038,2054,2466,3243,2602,1087,387,56,0,8338,627,646,1122,1084,1286,1625,1283,503,152,10,0,8045,613,564,916,970,1180,1618,1319,584,235,46,0
울산광역시 남구 신정4동,3114054000,20951,1715,2281,2746,2624,3551,3752,2719,1146,363,54,0,10587,887,1182,1502,1411,1703,1887,1314,552,139,10,0,10364,828,1099,1244,1213,1848,1865,1405,594,224,44,0
울산광역시 남구 신정5동,3114055000,8887,460,580,1342,1280,1396,1685,1320,598,205,21,0,4739,225,306,776,737,757,878,685,295,78,2,0,4148,235,274,566,543,639,807,635,303,127,19,0
울산광역시 남구 달동,3114056000,27170,1568,1996,4080,3840,4050,5219,4182,1512,651,69,3,13713,803,1064,2226,2107,2040,2524,2025,698,212,14,0,13457,765,932,1854,1733,2010,2695,2157,814,439,55,3
울산광역시 남구 삼산동,3114057000,49002,3415,4264,7765,7710,8244,9366,5809,1817,535,77,0,25467,1738,2266,4266,4259,4075,4736,2974,953,185,15,0,23535,1677,1998,3499,3451,4169,4630,2835,864,350,62,0
울산광역시 남구 삼호동,3114058500,20406,1116,1587,3003,2273,2768,4591,3219,1271,516,61,1,10417,619,830,1690,1252,1409,2247,1628,556,176,10,0,9989,497,757,1313,1021,1359,2344,1591,715,340,51,1
울산광역시 남구 무거동,3114059500,31842,1996,3318,5683,3526,4890,6720,3750,1346,548,65,0,16331,1037,1717,3303,1896,2292,3340,1912,630,192,12,0,15511,959,1601,2380,1630,2598,3380,1838,716,356,53,0
울산광역시 남구 옥동,3114060000,26412,2060,3053,3505,3118,4128,5446,3514,1142,397,49,0,13250,1074,1668,2009,1582,1823,2601,1778,572,135,8,0,13162,986,1385,1496,1536,2305,2845,1736,570,262,41,0
울산광역시 남구 대현동,3114062500,29856,3230,3296,3147,4290,5427,4828,3587,1506,494,48,3,14909,1629,1712,1694,2107,2669,2454,1727,726,178,13,0,14947,1601,1584,1453,2183,2758,2374,1860,780,316,35,3
울산광역시 남구 수암동,3114063500,16708,1492,1805,2105,2258,2542,3234,2269,750,222,29,2,8364,738,945,1141,1142,1196,1603,1140,375,80,4,0,8344,754,860,964,1116,1346,1631,1129,375,142,25,2
울산광역시 남구 선암동,3114064000,14294,1076,1218,1752,1856,2285,2678,2271,832,296,29,1,7377,550,648,952,1006,1199,1361,1139,425,91,5,1,6917,526,570,800,850,1086,1317,1132,407,205,24,0
울산광역시 남구 야음장생포동,3114067000,9889,604,523,950,1276,1303,1818,1937,1052,377,46,3,5194,310,287,537,726,753,1015,957,464,140,5,0,4695,294,236,413,550,550,803,980,588,237,41,3
울산광역시 동구 ,3117000000,154383,13823,15644,16846,21444,26202,24844,23778,8806,2629,359,8,80551,7040,8293,9418,11774,14278,12512,11796,4483,904,52,1,73832,6783,7351,7428,9670,11924,12332,11982,4323,1725,307,7
울산광역시 동구 방어동,3117051000,40130,3408,4138,4463,5666,7341,6619,5591,2136,669,97,2,21557,1730,2228,2559,3262,4207,3500,2801,1049,213,8,0,18573,1678,1910,1904,2404,3134,3119,2790,1087,456,89,2
울산광역시 동구 일산동,3117052000,5781,228,351,706,755,825,1020,1194,526,158,18,0,3103,116,184,404,474,485,531,569,275,61,4,0,2678,112,167,302,281,340,489,625,251,97,14,0
울산광역시 동구 화정동,3117053000,19522,2065,1915,1919,2724,3262,3117,2903,1131,433,51,2,10026,1043,1012,1055,1392,1786,1598,1442,552,133,13,0,9496,1022,903,864,1332,1476,1519,1461,579,300,38,2
울산광역시 동구 대송동,3117054000,11573,851,1144,1452,1423,1944,2218,1786,552,182,19,2,6062,439,621,802,795,1013,1135,912,276,68,1,0,5511,412,523,650,628,931,1083,874,276,114,18,2
울산광역시 동구 전하1동,3117055000,14787,1275,1384,1813,2026,2354,2300,2318,1026,257,33,1,7608,658,770,896,1100,1292,1131,1105,552,96,7,1,7179,617,614,917,926,1062,1169,1213,474,161,26,0
울산광역시 동구 전하2동,3117056000,20609,1967,2336,2267,2567,3450,3670,3017,991,292,51,1,10467,974,1172,1256,1310,1763,1830,1533,521,102,6,0,10142,993,1164,1011,1257,1687,1840,1484,470,190,45,1
울산광역시 동구 남목1동,3117058000,8743,592,923,848,1021,1424,1370,1696,664,188,17,0,4471,304,464,494,573,751,664,830,323,67,1,0,4272,288,459,354,448,673,706,866,341,121,16,0
울산광역시 동구 남목2동,3117059000,21170,2258,2164,2295,3599,3510,2763,3300,1037,213,31,0,11175,1174,1173,1356,1993,1881,1296,1627,576,93,6,0,9995,1084,991,939,1606,1629,1467,1673,461,120,25,0
울산광역시 동구 남목3동,3117060000,12068,1179,1289,1083,1663,2092,1767,1973,743,237,42,0,6082,602,669,596,875,1100,827,977,359,71,6,0,5986,577,620,487,788,992,940,996,384,166,36,0
울산광역시 북구 ,3120000000,218258,24088,23735,26201,32840,38855,38792,22204,7850,3204,469,20,113003,12412,12277,15012,17106,19936,19805,11683,3709,986,74,3,105255,11676,11458,11189,15734,18919,18987,10521,4141,2218,395,17
울산광역시 북구 농소1동,3120051000,36807,4369,3984,3912,5466,6719,6194,3967,1552,560,80,4,18837,2257,2014,2180,2778,3517,3113,2082,715,164,17,0,17970,2112,1970,1732,2688,3202,3081,1885,837,396,63,4
울산광역시 북구 농소2동,3120052000,41165,5342,4888,4339,6699,7814,6506,3661,1285,557,73,1,20921,2764,2491,2400,3365,3998,3256,1860,605,171,11,0,20244,2578,2397,1939,3334,3816,3250,1801,680,386,62,1
울산광역시 북구 농소3동,3120053000,38271,3415,6094,4797,3606,8154,7338,2942,1292,555,73,5,19459,1755,3216,2657,1765,3812,3913,1580,570,176,14,1,18812,1660,2878,2140,1841,4342,3425,1362,722,379,59,4
울산광역시 북구 강동동,3120054000,16436,2561,1442,1095,3187,2961,2111,1930,722,358,67,2,8429,1291,727,621,1563,1661,1077,1010,356,112,11,0,8007,1270,715,474,1624,1300,1034,920,366,246,56,2
울산광역시 북구 효문동,3120056000,29500,2653,2089,4352,4907,4232,6211,3554,1029,404,67,2,15805,1389,1091,2540,2825,2273,3142,1903,512,123,7,0,13695,1264,998,1812,2082,1959,3069,1651,517,281,60,2
울산광역시 북구 송정동,3120057000,36306,4324,3721,4750,6025,6038,6736,3207,997,434,74,0,18473,2234,1923,2599,3042,2990,3328,1729,495,123,10,0,17833,2090,1798,2151,2983,3048,3408,1478,502,311,64,0
울산광역시 북구 양정동,3120058000,9891,704,752,1719,1577,1446,1857,1281,403,132,20,0,5744,347,396,1232,981,823,1043,675,206,39,2,0,4147,357,356,487,596,623,814,606,197,93,18,0
울산광역시 북구 염포동,3120059000,9882,720,765,1237,1373,1491,1839,1662,570,204,15,6,5335,375,419,783,787,862,933,844,250,78,2,2,4547,345,346,454,586,629,906,818,320,126,13,4
울산광역시 울주군 ,3171000000,222082,16554,22001,26016,24849,36088,42433,32091,14201,6769,1059,21,114756,8512,11437,14914,13254,18501,22359,16596,6777,2207,197,2,107326,8042,10564,11102,11595,17587,20074,15495,7424,4562,862,19
울산광역시 울주군 온산읍,3171025000,20368,1384,1626,2502,2739,3640,4064,2705,1135,499,69,5,11720,727,873,1566,1736,2245,2440,1429,539,155,8,2,8648,657,753,936,1003,1395,1624,1276,596,344,61,3
울산광역시 울주군 언양읍,3171025300,28342,2299,2765,3355,3116,4499,5235,4204,1824,886,153,6,14208,1143,1410,1903,1614,2242,2604,2119,866,280,27,0,14134,1156,1355,1452,1502,2257,2631,2085,958,606,126,6
울산광역시 울주군 온양읍,3171025600,28706,2434,3222,3278,3406,5185,5331,3527,1490,732,100,1,14935,1242,1644,1830,1801,2710,2903,1862,700,226,17,0,13771,1192,1578,1448,1605,2475,2428,1665,790,506,83,1
울산광역시 울주군 범서읍,3171025900,69773,6105,9715,9117,7271,13076,13261,7241,2687,1139,160,1,35102,3152,5073,5096,3540,6039,6773,3760,1262,378,29,0,34671,2953,4642,4021,3731,7037,6488,3481,1425,761,131,1
울산광역시 울주군 청량읍,3171026200,19127,1655,1539,2150,2763,2875,3529,2807,1200,522,87,0,9879,850,773,1189,1486,1490,1866,1468,574,168,15,0,9248,805,766,961,1277,1385,1663,1339,626,354,72,0
울산광역시 울주군 삼남읍,3171026500,22563,1473,1538,2837,2973,3246,4379,3652,1645,687,131,2,11644,760,807,1670,1624,1702,2197,1839,783,232,30,0,10919,713,731,1167,1349,1544,2182,1813,862,455,101,2
울산광역시 울주군 서생면,3171031000,8386,472,486,761,847,1161,1556,1711,909,424,59,0,4516,255,255,464,456,718,921,854,426,155,12,0,3870,217,231,297,391,443,635,857,483,269,47,0
울산광역시 울주군 웅촌면,3171034000,7728,282,349,806,629,760,1611,1799,919,495,77,1,4022,142,199,480,356,436,838,951,437,163,20,0,3706,140,150,326,273,324,773,848,482,332,57,1
울산광역시 울주군 두동면,3171036000,4251,127,186,291,283,403,890,1136,562,317,54,2,2189,61,96,168,159,234,475,606,286,96,8,0,2062,66,90,123,124,169,415,530,276,221,46,2
울산광역시 울주군 두서면,3171037000,3099,49,111,152,185,230,537,875,543,360,57,0,1540,27,56,85,103,137,290,458,255,119,10,0,1559,22,55,67,82,93,247,417,288,241,47,0
울산광역시 울주군 상북면,3171038000,7962,242,405,667,534,873,1670,1948,1009,524,88,2,4063,136,219,403,313,460,841,993,510,170,18,0,3899,106,186,264,221,413,829,955,499,354,70,2
울산광역시 울주군 삼동면,3171040000,1777,32,59,100,103,140,370,486,278,184,24,1,938,17,32,60,66,88,211,257,139,65,3,0,839,15,27,40,37,52,159,229,139,119,21,1
세종특별자치시  ,3600000000,369465,46913,45439,38251,61298,72186,48474,33344,14704,7533,1285,38,184441,23896,22924,19613,29878,36531,25363,16533,6852,2581,262,8,185024,23017,22515,18638,31420,35655,23111,16811,7852,4952,1023,30
세종특별자치시  ,3611000000,369465,46913,45439,38251,61298,72186,48474,33344,14704,7533,1285,38,184441,23896,22924,19613,29878,36531,25363,16533,6852,2581,262,8,185024,23017,22515,18638,31420,35655,23111,16811,7852,4952,1023,30
세종특별자치시  조치원읍,3611025000,43413,3037,4169,6518,5448,6797,6735,5757,3079,1618,246,9,22602,1562,2144,3737,3007,3647,3572,2900,1358,615,59,1,20811,1475,2025,2781,2441,3150,3163,2857,1721,1003,187,8
세종특별자치시  연기면,3611031000,2814,100,93,398,379,323,528,551,256,156,29,1,1602,50,48,234,249,216,327,302,123,50,3,0,1212,50,45,164,130,107,201,249,133,106,26,1
세종특별자치시  연동면,3611032000,3132,95,116,275,300,323,517,707,422,314,59,4,1646,45,62,173,182,196,286,384,210,95,12,1,1486,50,54,102,118,127,231,323,212,219,47,3
세종특별자치시  부강면,3611033000,6178,314,358,687,750,806,1070,1107,622,401,62,1,3410,159,192,450,478,510,614,569,270,147,20,1,2768,155,166,237,272,296,456,538,352,254,42,0
세종특별자치시  금남면,3611034000,9028,342,369,930,952,1025,1603,1868,1120,694,119,6,4803,172,181,551,575,631,893,995,548,227,27,3,4225,170,188,379,377,394,710,873,572,467,92,3
세종특별자치시  장군면,3611035000,7018,245,309,1022,964,955,1304,1182,603,381,52,1,4065,125,142,652,653,652,762,636,296,136,11,0,2953,120,167,370,311,303,542,546,307,245,41,1
세종특별자치시  연서면,3611036000,7400,321,405,848,723,843,1216,1466,903,593,79,3,4047,157,215,558,457,506,711,785,410,230,17,1,3353,164,190,290,266,337,505,681,493,363,62,2
세종특별자치시  전의면,3611037000,5516,181,351,537,465,642,1009,1079,650,517,77,8,2942,95,199,336,289,373,574,579,291,192,14,0,2574,86,152,201,176,269,435,500,359,325,63,8
세종특별자치시  전동면,3611038000,3383,68,106,275,226,307,666,881,487,314,53,0,1825,30,59,153,140,196,397,484,252,105,9,0,1558,38,47,122,86,111,269,397,235,209,44,0
세종특별자치시  소정면,3611039000,2297,86,169,244,183,295,432,425,256,183,24,0,1218,43,78,144,120,178,253,221,116,59,6,0,1079,43,91,100,63,117,179,204,140,124,18,0
세종특별자치시  한솔동,3611051000,18775,2365,3284,1714,2390,4281,2764,1238,492,207,39,1,9222,1223,1679,862,1083,2014,1454,611,217,68,11,0,9553,1142,1605,852,1307,2267,1310,627,275,139,28,1
세종특별자치시  새롬동,3611051500,37906,5506,5314,4188,7223,8175,4405,2107,652,261,75,0,18384,2763,2595,1928,3354,4054,2285,1012,306,75,12,0,19522,2743,2719,2260,3869,4121,2120,1095,346,186,63,0
세종특별자치시  도담동,3611052000,33327,4054,4613,4013,5679,7068,4227,2244,928,411,90,0,16052,2059,2323,1789,2693,3372,2199,1082,408,116,11,0,17275,1995,2290,2224,2986,3696,2028,1162,520,295,79,0
세종특별자치시  해밀동,3611052500,8545,1672,1022,597,1845,1881,868,412,169,70,9,0,4170,859,511,270,843,954,440,189,76,23,5,0,4375,813,511,327,1002,927,428,223,93,47,4,0
세종특별자치시  아름동,3611053000,23539,3242,4399,1835,3279,5835,2927,1335,477,177,31,2,11654,1680,2324,898,1467,2774,1585,631,230,58,6,1,11885,1562,2075,937,1812,3061,1342,704,247,119,25,1
세종특별자치시  종촌동,3611054000,29331,4370,4276,2515,5202,6271,3447,2077,795,339,39,0,14267,2259,2110,1192,2473,3076,1725,933,372,117,10,0,15064,2111,2166,1323,2729,3195,1722,1144,423,222,29,0
세종특별자치시  고운동,3611055000,34379,5751,4971,2473,6076,7711,3648,2574,883,245,47,0,16838,2928,2541,1232,2802,3867,1740,1201,433,85,9,0,17541,2823,2430,1241,3274,3844,1908,1373,450,160,38,0
세종특별자치시  소담동,3611055500,20633,3522,2502,1728,4335,4249,2336,1388,432,110,30,1,10176,1774,1249,880,2041,2137,1163,690,210,29,3,0,10457,1748,1253,848,2294,2112,1173,698,222,81,27,1
세종특별자치시  반곡동,3611055600,13885,2272,1288,1771,3422,2440,1576,778,212,96,29,1,6802,1159,622,810,1655,1231,808,385,107,20,5,0,7083,1113,666,961,1767,1209,768,393,105,76,24,1
세종특별자치시  보람동,3611056000,19153,2937,2600,1827,3409,3944,2403,1392,453,155,33,0,9369,1482,1323,896,1550,1942,1246,661,217,47,5,0,9784,1455,1277,931,1859,2002,1157,731,236,108,28,0
세종특별자치시  대평동,3611057000,11355,1645,1097,1338,2189,2063,1690,934,258,118,23,0,5655,880,551,683,1059,1053,810,451,136,29,3,0,5700,765,546,655,1130,1010,880,483,122,89,20,0
세종특별자치시  다정동,3611058000,28458,4788,3628,2518,5859,5952,3103,1842,555,173,40,0,13692,2392,1776,1185,2708,2952,1519,832,266,58,4,0,14766,2396,1852,1333,3151,3000,1584,1010,289,115,36,0
경기도  ,4100000000,13557973,1103092,1322710,1802051,1899719,2293799,2270910,1663383,772918,372378,54952,2061,6823931,564452,679038,950070,982766,1167100,1150601,827378,352335,136768,12965,458,6734042,538640,643672,851981,916953,1126699,1120309,836005,420583,235610,41987,1603
북부출장소  ,4110500000,0,0,0,0,0,0,0,0,0,0,0,0,0,0,0,0,0,0,0,0,0,0,0,0,0,0,0,0,0,0,0,0,0,0,0,0
경기도 수원시 ,4111000000,1184683,91576,115660,184806,177353,199400,197347,130841,56835,26658,4029,178,596491,47140,59714,97086,92988,100404,98519,64746,25519,9433,911,31,588192,44436,55946,87720,84365,98996,98828,66095,31316,17225,3118,147
경기도 수원시 장안구 ,4111100000,274107,17580,27923,43656,33031,44261,49264,33319,15760,7962,1298,53,138058,9000,14510,23914,17427,21915,24636,16462,6962,2908,315,9,136049,8580,13413,19742,15604,22346,24628,16857,8798,5054,983,44
경기도 수원시 장안구 파장동,4111156000,23326,1192,1809,3337,2924,3542,4377,3542,1671,809,121,2,11799,617,938,1829,1589,1813,2223,1751,727,284,28,0,11527,575,871,1508,1335,1729,2154,1791,944,525,93,2
경기도 수원시 장안구 율천동,4111156600,42467,2839,4044,10204,5679,6191,6671,4075,1700,914,144,6,22529,1435,2140,6314,3051,3097,3334,2059,750,310,39,0,19938,1404,1904,3890,2628,3094,3337,2016,950,604,105,6
경기도 수원시 장안구 정자1동,4111157100,28976,2292,3356,3952,3319,5148,5305,3257,1454,764,125,4,14263,1184,1790,2112,1662,2430,2593,1562,628,276,26,0,14713,1108,1566,1840,1657,2718,2712,1695,826,488,99,4
경기도 수원시 장안구 정자2동,4111157200,35731,2924,3688,4974,4906,6126,6068,3876,2030,990,145,4,17525,1463,1861,2518,2517,3010,3029,1850,863,381,32,1,18206,1461,1827,2456,2389,3116,3039,2026,1167,609,113,3
경기도 수원시 장안구 정자3동,4111157300,41532,3205,6621,6170,4289,8419,7562,3108,1320,725,111,2,20741,1693,3413,3194,2135,3900,3915,1657,559,254,21,0,20791,1512,3208,2976,2154,4519,3647,1451,761,471,90,2
경기도 수원시 장안구 영화동,4111158000,19973,803,1163,2605,2369,2830,3865,3694,1795,740,106,3,10201,410,598,1350,1350,1544,1998,1790,832,311,18,0,9772,393,565,1255,1019,1286,1867,1904,963,429,88,3
경기도 수원시 장안구 송죽동,4111159100,19397,1049,1669,2887,2576,2982,3605,2740,1243,555,85,6,9618,531,888,1462,1350,1529,1745,1333,560,200,17,3,9779,518,781,1425,1226,1453,1860,1407,683,355,68,3
경기도 수원시 장안구 조원1동,4111159700,28218,1354,2633,4197,3231,4227,5371,4024,2000,997,182,2,14250,701,1386,2233,1780,2175,2658,2007,904,350,56,0,13968,653,1247,1964,1451,2052,2713,2017,1096,647,126,2
경기도 수원시 장안구 조원2동,4111159800,18576,1297,1961,2757,1941,2736,3745,2308,1007,683,137,4,8937,659,983,1425,931,1266,1711,1208,448,260,43,3,9639,638,978,1332,1010,1470,2034,1100,559,423,94,1
경기도 수원시 장안구 연무동,4111160000,15911,625,979,2573,1797,2060,2695,2695,1540,785,142,20,8195,307,513,1477,1062,1151,1430,1245,691,282,35,2,7716,318,466,1096,735,909,1265,1450,849,503,107,18
경기도 수원시 권선구 ,4111300000,364164,29976,32548,52991,56492,60460,61523,43333,17631,7994,1167,49,183962,15436,16879,27679,29802,31263,30360,21429,8089,2755,263,7,180202,14540,15669,25312,26690,29197,31163,21904,9542,5239,904,42
경기도 수원시 권선구 세류1동,4111352000,10087,818,579,1493,1614,1462,1796,1341,654,284,46,0,5068,416,310,777,855,774,867,650,305,106,8,0,5019,402,269,716,759,688,929,691,349,178,38,0
경기도 수원시 권선구 세류2동,4111353000,23653,1063,1572,3547,3580,3629,4177,3591,1644,743,101,6,12215,545,813,1901,2081,1959,2123,1706,763,289,33,2,11438,518,759,1646,1499,1670,2054,1885,881,454,68,4
경기도 수원시 권선구 세류3동,4111354000,18737,847,1414,2632,2442,2967,3306,2974,1458,618,76,3,9447,394,748,1399,1342,1555,1660,1430,674,223,21,1,9290,453,666,1233,1100,1412,1646,1544,784,395,55,2
경기도 수원시 권선구 평동,4111355000,40415,2968,3425,6077,5728,5906,7482,5443,2186,1026,165,9,20462,1543,1784,3303,3006,3037,3657,2729,1022,352,29,0,19953,1425,1641,2774,2722,2869,3825,2714,1164,674,136,9
경기도 수원시 권선구 서둔동,4111356000,38024,2232,3042,5863,5388,5907,6746,5295,2413,995,137,6,19372,1129,1595,3086,3013,3145,3399,2563,1069,348,23,2,18652,1103,1447,2777,2375,2762,3347,2732,1344,647,114,4
경기도 수원시 권선구 구운동,4111365000,24253,1291,1940,3805,3181,3520,4701,3595,1432,690,95,3,12264,659,991,1987,1745,1839,2331,1790,676,224,22,0,11989,632,949,1818,1436,1681,2370,1805,756,466,73,3
경기도 수원시 권선구 금곡동,4111366200,45514,4584,4965,6076,6444,8094,7590,4645,1987,973,152,4,22432,2345,2591,3104,3224,4015,3646,2288,858,322,39,0,23082,2239,2374,2972,3220,4079,3944,2357,1129,651,113,4
경기도 수원시 권선구 호매실동,4111366400,46259,6626,4754,4884,8550,8691,6110,4185,1626,733,96,4,23019,3463,2384,2454,4158,4595,2919,2049,737,235,24,1,23240,3163,2370,2430,4392,4096,3191,2136,889,498,72,3
경기도 수원시 권선구 권선1동,4111367000,24733,1196,1636,5035,4553,3558,4130,2969,1099,487,68,2,12654,622,876,2510,2518,1814,2105,1521,506,166,16,0,12079,574,760,2525,2035,1744,2025,1448,593,321,52,2
경기도 수원시 권선구 권선2동,4111368000,48595,5241,5339,6378,7609,8861,7855,4953,1567,687,98,7,23887,2727,2777,3340,3684,4266,3682,2410,753,230,17,1,24708,2514,2562,3038,3925,4595,4173,2543,814,457,81,6
경기도 수원시 권선구 곡선동,4111369000,27336,1540,2131,5202,5266,4802,4685,2410,789,421,87,3,14761,786,1089,2788,3064,2699,2498,1324,352,147,14,0,12575,754,1042,2414,2202,2103,2187,1086,437,274,73,3
경기도 수원시 권선구 입북동,4111370000,16558,1570,1751,1999,2137,3063,2945,1932,776,337,46,2,8381,807,921,1030,1112,1565,1473,969,374,113,17,0,8177,763,830,969,1025,1498,1472,963,402,224,29,2
경기도 수원시 팔달구 ,4111500000,182390,10037,13731,30387,27018,27516,31126,24469,11986,5370,706,44,91937,5084,7037,15583,14732,14266,15799,11952,5353,1950,171,10,90453,4953,6694,14804,12286,13250,15327,12517,6633,3420,535,34
경기도 수원시 팔달구 매교동,4111565000,5878,231,310,855,949,824,1047,934,468,235,22,3,3098,118,163,449,524,493,585,456,206,94,9,1,2780,113,147,406,425,331,462,478,262,141,13,2
경기도 수원시 팔달구 매산동,4111566000,10321,410,447,1737,1607,1437,1847,1656,777,339,56,8,5537,211,227,967,915,837,1003,861,366,124,22,4,4784,199,220,770,692,600,844,795,411,215,34,4
경기도 수원시 팔달구 고등동,4111567000,19967,1670,1334,2814,3449,2993,3200,2567,1357,519,61,3,10078,851,652,1399,1900,1591,1599,1235,625,212,14,0,9889,819,682,1415,1549,1402,1601,1332,732,307,47,3
경기도 수원시 팔달구 화서1동,4111568000,22511,1382,2040,3146,2550,3601,3992,3264,1706,726,99,5,10923,675,1021,1598,1308,1755,1934,1576,754,272,28,2,11588,707,1019,1548,1242,1846,2058,1688,952,454,71,3
경기도 수원시 팔달구 화서2동,4111569000,25736,1826,2723,3941,3412,4103,4988,2827,1186,642,83,5,12655,943,1384,2023,1712,1948,2406,1453,541,226,18,1,13081,883,1339,1918,1700,2155,2582,1374,645,416,65,4
경기도 수원시 팔달구 지동,4111570000,10685,381,653,1315,1078,1515,1965,2045,1154,513,64,2,5460,205,353,719,613,831,1060,986,503,179,11,0,5225,176,300,596,465,684,905,1059,651,334,53,2
경기도 수원시 팔달구 우만1동,4111571000,20081,792,1296,3229,2873,2824,3605,3071,1613,693,80,5,10003,418,677,1710,1605,1506,1783,1394,667,232,11,0,10078,374,619,1519,1268,1318,1822,1677,946,461,69,5
경기도 수원시 팔달구 우만2동,4111572000,16921,1085,1710,3584,2207,2620,2680,1826,774,376,58,1,8511,533,943,1974,1164,1265,1289,870,325,134,14,0,8410,552,767,1610,1043,1355,1391,956,449,242,44,1
경기도 수원시 팔달구 인계동,4111573000,39759,1995,2784,8282,7534,6269,5826,4273,1831,847,111,7,20029,994,1386,4007,4208,3228,2983,2074,837,290,21,1,19730,1001,1398,4275,3326,3041,2843,2199,994,557,90,6
경기도 수원시 팔달구 행궁동,4111574000,10531,265,434,1484,1359,1330,1976,2006,1120,480,72,5,5643,136,231,737,783,812,1157,1047,529,187,23,1,4888,129,203,747,576,518,819,959,591,293,49,4
경기도 수원시 영통구 ,4111700000,364022,33983,41458,57772,60812,67163,55434,29720,11458,5332,858,32,182534,17620,21288,29910,31027,32960,27724,14903,5115,1820,162,5,181488,16363,20170,27862,29785,34203,27710,14817,6343,3512,696,27
경기도 수원시 영통구 매탄1동,4111751000,17666,1063,1746,2984,2307,2792,3264,2184,917,342,64,3,8885,527,896,1650,1224,1348,1628,1048,437,116,10,1,8781,536,850,1334,1083,1444,1636,1136,480,226,54,2
경기도 수원시 영통구 매탄2동,4111752000,14815,830,1442,2420,1903,2312,2713,1926,830,375,61,3,7356,459,764,1212,1033,1134,1296,949,378,121,10,0,7459,371,678,1208,870,1178,1417,977,452,254,51,3
경기도 수원시 영통구 매탄3동,4111753000,36048,2649,4260,6428,5480,6621,5725,2999,1204,594,85,3,18672,1373,2170,3562,3061,3319,2937,1487,560,191,12,0,17376,1276,2090,2866,2419,3302,2788,1512,644,403,73,3
경기도 수원시 영통구 매탄4동,4111754000,21496,1200,2131,3629,3159,3548,3757,2480,1027,493,70,2,10518,656,1072,1923,1692,1628,1776,1161,437,158,15,0,10978,544,1059,1706,1467,1920,1981,1319,590,335,55,2
경기도 수원시 영통구 원천동,4111755000,38809,4108,3707,6506,7003,7290,4881,3294,1341,580,97,2,19677,2117,1937,3336,3567,3809,2522,1574,604,193,18,0,19132,1991,1770,3170,3436,3481,2359,1720,737,387,79,2
경기도 수원시 영통구 영통1동,4111757000,34867,3250,4649,4792,5295,6719,5787,2670,1043,573,86,3,17141,1654,2396,2450,2612,3167,2852,1355,420,213,21,1,17726,1596,2253,2342,2683,3552,2935,1315,623,360,65,2
경기도 수원시 영통구 영통2동,4111758000,26235,2420,2092,5337,6670,4202,3227,1355,575,314,40,3,13867,1240,1081,2969,3776,2142,1635,681,227,107,8,1,12368,1180,1011,2368,2894,2060,1592,674,348,207,32,2
경기도 수원시 영통구 영통3동,4111758500,32562,2424,4186,6574,4283,5877,5440,2434,801,456,86,1,16630,1240,2198,3495,2283,2765,2773,1351,345,166,14,0,15932,1184,1988,3079,2000,3112,2667,1083,456,290,72,1
경기도 수원시 영통구 망포1동,4111759300,31190,3307,3980,4444,4843,5745,5153,2456,806,387,66,3,15717,1695,2010,2423,2384,2824,2564,1322,358,129,8,0,15473,1612,1970,2021,2459,2921,2589,1134,448,258,58,3
경기도 수원시 영통구 망포2동,4111759600,27920,4191,3290,3183,5206,5774,3696,1737,548,254,38,3,13956,2196,1715,1573,2467,2904,1854,897,259,83,8,0,13964,1995,1575,1610,2739,2870,1842,840,289,171,30,3
경기도 수원시 영통구 광교1동,4111760000,53065,5257,6828,8373,9467,10530,7516,3330,1194,481,87,2,25960,2776,3439,3769,4478,5083,3890,1767,556,179,22,1,27105,2481,3389,4604,4989,5447,3626,1563,638,302,65,1
경기도 수원시 영통구 광교2동,4111761000,29349,3284,3147,3102,5196,5753,4275,2855,1172,483,78,4,14155,1687,1610,1548,2450,2837,1997,1311,534,164,16,1,15194,1597,1537,1554,2746,2916,2278,1544,638,319,62,3
경기도 성남시 ,4113000000,931063,65796,85646,128017,135165,153069,155206,120140,57585,26078,4202,159,461205,33611,43900,65673,69017,75352,77720,58771,26193,9882,1052,34,469858,32185,41746,62344,66148,77717,77486,61369,31392,16196,3150,125
경기도 성남시 수정구 ,4113100000,236076,14956,16870,33760,35024,36263,40054,34800,16851,6584,867,47,119554,7569,8633,17757,18777,19116,20517,16936,7644,2391,203,11,116522,7387,8237,16003,16247,17147,19537,17864,9207,4193,664,36
경기도 성남시 수정구 신흥1동,4113151000,13397,461,701,1930,1839,1971,2518,2353,1128,443,52,1,7075,234,376,1036,1081,1151,1407,1144,496,139,11,0,6322,227,325,894,758,820,1111,1209,632,304,41,1
경기도 성남시 수정구 신흥2동,4113152000,20273,1774,1571,2564,3298,3087,3461,2929,1152,365,66,6,9892,867,783,1288,1664,1505,1655,1399,575,135,19,2,10381,907,788,1276,1634,1582,1806,1530,577,230,47,4
경기도 성남시 수정구 신흥3동,4113153000,11331,409,640,1682,1536,1695,2177,1830,977,338,46,1,5988,189,351,892,904,947,1200,929,434,128,14,0,5343,220,289,790,632,748,977,901,543,210,32,1
경기도 성남시 수정구 태평1동,4113154000,15434,490,701,2814,2186,2040,2635,2524,1409,571,60,4,7946,264,363,1456,1258,1146,1389,1230,604,221,15,0,7488,226,338,1358,928,894,1246,1294,805,350,45,4
경기도 성남시 수정구 태평2동,4113155000,15403,704,1039,2463,2122,2134,2759,2322,1236,543,75,6,7752,344,548,1297,1178,1123,1411,1109,544,184,13,1,7651,360,491,1166,944,1011,1348,1213,692,359,62,5
경기도 성남시 수정구 태평3동,4113156000,13309,553,891,1871,1694,1907,2503,2265,1117,446,60,2,6847,283,436,1057,945,1009,1336,1127,480,155,18,1,6462,270,455,814,749,898,1167,1138,637,291,42,1
경기도 성남시 수정구 태평4동,4113156100,13251,634,1102,2072,1636,2023,2326,1906,1035,471,44,2,6702,329,557,1119,905,1026,1196,927,452,185,6,0,6549,305,545,953,731,997,1130,979,583,286,38,2
경기도 성남시 수정구 수진1동,4113157000,12400,338,622,1713,1455,1659,2514,2374,1196,463,61,5,6470,170,342,923,857,929,1384,1170,525,157,13,0,5930,168,280,790,598,730,1130,1204,671,306,48,5
경기도 성남시 수정구 수진2동,4113158000,15884,706,1040,2306,2030,2243,2813,2737,1452,510,44,3,8030,346,551,1222,1115,1160,1403,1335,668,218,9,3,7854,360,489,1084,915,1083,1410,1402,784,292,35,0
경기도 성남시 수정구 단대동,4113159000,15627,990,1275,2078,2190,2347,2692,2294,1178,515,64,4,7702,499,674,1079,1152,1201,1304,1070,516,191,15,1,7925,491,601,999,1038,1146,1388,1224,662,324,49,3
경기도 성남시 수정구 산성동,4113160000,5428,299,473,660,680,896,892,833,491,181,22,1,2764,168,239,363,373,483,447,398,218,69,6,0,2664,131,234,297,307,413,445,435,273,112,16,1
경기도 성남시 수정구 양지동,4113161000,9891,508,917,1354,1053,1610,1762,1487,834,325,39,2,4898,255,463,709,554,809,894,711,364,128,10,1,4993,253,454,645,499,801,868,776,470,197,29,1
경기도 성남시 수정구 복정동,4113162000,10983,640,454,2260,2467,1968,1435,1092,487,141,37,2,6118,323,242,1222,1488,1204,792,541,239,60,7,0,4865,317,212,1038,979,764,643,551,248,81,30,2
경기도 성남시 수정구 위례동,4113162500,45391,4691,4225,5363,7052,8146,7086,5682,2099,906,137,4,22140,2387,2063,2673,3306,4101,3454,2802,1017,301,34,2,23251,2304,2162,2690,3746,4045,3632,2880,1082,605,103,2
경기도 성남시 수정구 신촌동,4113163000,4645,490,432,747,870,725,584,491,207,82,17,0,2474,247,234,484,455,385,301,232,103,29,4,0,2171,243,198,263,415,340,283,259,104,53,13,0
경기도 성남시 수정구 고등동,4113164000,10370,1117,643,1409,2385,1399,1456,1164,576,194,26,1,5145,586,326,667,1238,727,710,561,270,55,5,0,5225,531,317,742,1147,672,746,603,306,139,21,1
경기도 성남시 수정구 시흥동,4113165000,3059,152,144,474,531,413,441,517,277,90,17,3,1611,78,85,270,304,210,234,251,139,36,4,0,1448,74,59,204,227,203,207,266,138,54,13,3
경기도 성남시 중원구 ,4113300000,211658,12325,15706,30072,30783,31695,36884,32122,15179,5997,856,39,107220,6285,8113,15587,16675,16634,18743,15873,6960,2187,159,4,104438,6040,7593,14485,14108,15061,18141,16249,8219,3810,697,35
경기도 성남시 중원구 성남동,4113351000,33832,1482,1849,5848,5826,4744,5469,4873,2550,1028,153,10,17607,743,942,3009,3359,2639,2823,2468,1189,396,37,2,16225,739,907,2839,2467,2105,2646,2405,1361,632,116,8
경기도 성남시 중원구 중앙동,4113352500,12437,807,801,1390,1704,1988,2265,2085,986,359,51,1,6541,422,431,748,890,1090,1279,1085,439,146,11,0,5896,385,370,642,814,898,986,1000,547,213,40,1
경기도 성남시 중원구 금광1동,4113353000,6760,386,418,871,1083,966,1175,1138,490,197,24,12,3482,189,217,440,602,531,602,588,228,82,3,0,3278,197,201,431,481,435,573,550,262,115,21,12
경기도 성남시 중원구 금광2동,4113354000,25824,1370,1918,3821,3805,3840,4356,3993,1866,752,99,4,12737,680,947,1883,1996,1948,2186,1911,870,296,20,0,13087,690,971,1938,1809,1892,2170,2082,996,456,79,4
경기도 성남시 중원구 은행1동,4113355000,10339,575,973,1805,1332,1526,1739,1348,712,299,30,0,5075,323,469,889,683,754,864,657,326,106,4,0,5264,252,504,916,649,772,875,691,386,193,26,0
경기도 성남시 중원구 은행2동,4113356000,23873,1177,1838,3534,2996,3464,4335,3600,2009,827,92,1,11821,606,964,1848,1642,1735,2178,1702,824,306,16,0,12052,571,874,1686,1354,1729,2157,1898,1185,521,76,1
경기도 성남시 중원구 상대원1동,4113357000,25310,1540,1743,3319,3995,3810,4455,3932,1730,685,100,1,13136,797,913,1787,2249,2124,2252,1960,790,245,18,1,12174,743,830,1532,1746,1686,2203,1972,940,440,82,0
경기도 성남시 중원구 상대원2동,4113358000,13013,454,877,1617,1516,1833,2734,2363,1116,437,60,6,6782,223,438,880,866,1016,1502,1185,526,135,10,1,6231,231,439,737,650,817,1232,1178,590,302,50,5
경기도 성남시 중원구 상대원3동,4113359000,12258,514,822,1733,1545,1698,2432,2129,986,346,52,1,6400,259,441,917,895,929,1277,1092,471,112,7,0,5858,255,381,816,650,769,1155,1037,515,234,45,1
경기도 성남시 중원구 하대원동,4113366000,20601,1330,1675,2948,2871,2906,3740,3306,1248,484,91,2,10384,654,910,1578,1523,1474,1797,1680,593,160,15,0,10217,676,765,1370,1348,1432,1943,1626,655,324,76,2
경기도 성남시 중원구 도촌동,4113367000,27411,2690,2792,3186,4110,4920,4184,3355,1486,583,104,1,13255,1389,1441,1608,1970,2394,1983,1545,704,203,18,0,14156,1301,1351,1578,2140,2526,2201,1810,782,380,86,1
경기도 성남시 분당구 ,4113500000,483329,38515,53070,64185,69358,85111,78268,53218,25555,13497,2479,73,234431,19757,27154,32329,33565,39602,38460,25962,11589,5304,690,19,248898,18758,25916,31856,35793,45509,39808,27256,13966,8193,1789,54
경기도 성남시 분당구 분당동,4113551000,25782,1843,2833,3623,3534,4370,4225,3044,1403,764,138,5,12700,943,1491,1893,1798,2041,2030,1468,665,329,41,1,13082,900,1342,1730,1736,2329,2195,1576,738,435,97,4
경기도 성남시 분당구 수내1동,4113552000,17672,1194,2163,2361,2339,3555,2923,1436,910,678,111,2,8410,612,1131,1146,1099,1553,1493,710,371,257,38,0,9262,582,1032,1215,1240,2002,1430,726,539,421,73,2
경기도 성남시 분당구 수내2동,4113553000,10441,1098,1979,920,796,2538,1550,782,461,269,46,2,5081,533,1006,492,321,1149,866,387,209,108,8,2,5360,565,973,428,475,1389,684,395,252,161,38,0
경기도 성남시 분당구 수내3동,4113554000,13825,922,2414,1866,1427,3045,2208,1155,494,259,34,1,6903,491,1258,988,739,1376,1154,567,225,96,9,0,6922,431,1156,878,688,1669,1054,588,269,163,25,1
경기도 성남시 분당구 정자동,4113554500,19387,1383,1858,3012,3351,3130,2925,2157,1061,433,75,2,9712,713,947,1597,1783,1474,1440,1040,503,197,18,0,9675,670,911,1415,1568,1656,1485,1117,558,236,57,2
경기도 성남시 분당구 정자1동,4113555000,30456,1937,3237,4604,4805,5780,4799,2620,1597,950,120,7,14316,977,1578,2104,2185,2552,2419,1263,747,439,48,4,16140,960,1659,2500,2620,3228,2380,1357,850,511,72,3
경기도 성남시 분당구 정자2동,4113556000,15429,842,1291,1959,2857,2490,2330,1844,1039,654,119,4,7306,461,699,978,1433,1124,1121,874,404,184,27,1,8123,381,592,981,1424,1366,1209,970,635,470,92,3
경기도 성남시 분당구 정자3동,4113557000,16039,1426,1828,2021,2342,2931,2543,1502,800,527,118,1,7757,727,950,1042,1123,1364,1253,715,334,209,39,1,8282,699,878,979,1219,1567,1290,787,466,318,79,0
경기도 성남시 분당구 서현1동,4113558000,31938,2306,4254,4413,4196,6084,5117,2946,1539,917,160,6,15433,1194,2147,2188,2040,2768,2543,1449,678,379,46,1,16505,1112,2107,2225,2156,3316,2574,1497,861,538,114,5
경기도 성남시 분당구 서현2동,4113559000,18353,1340,2213,2648,2337,3091,3304,2075,799,458,88,0,9070,695,1167,1398,1188,1397,1603,1044,379,178,21,0,9283,645,1046,1250,1149,1694,1701,1031,420,280,67,0
경기도 성남시 분당구 이매1동,4113560000,25398,2134,3061,3242,3466,4386,4166,2781,1356,654,147,5,12384,1121,1542,1664,1690,2011,2074,1344,632,267,37,2,13014,1013,1519,1578,1776,2375,2092,1437,724,387,110,3
경기도 성남시 분당구 이매2동,4113561000,13309,930,1761,1744,1311,2203,2406,1697,778,394,84,1,6491,476,919,909,593,968,1181,876,375,169,24,1,6818,454,842,835,718,1235,1225,821,403,225,60,0
경기도 성남시 분당구 야탑1동,4113562000,17285,1224,1250,2627,2771,2619,2680,2369,1170,482,90,3,8582,615,661,1356,1415,1288,1300,1170,551,198,27,1,8703,609,589,1271,1356,1331,1380,1199,619,284,63,2
경기도 성남시 분당구 야탑2동,4113563000,16440,1204,1745,2004,2046,2699,2553,2309,1178,604,96,2,7834,586,894,976,957,1235,1220,1141,542,254,29,0,8606,618,851,1028,1089,1464,1333,1168,636,350,67,2
경기도 성남시 분당구 야탑3동,4113564000,28266,2035,1915,3907,5156,4118,4424,4007,1743,814,139,8,13908,1049,959,2004,2764,2100,2051,1910,772,274,25,0,14358,986,956,1903,2392,2018,2373,2097,971,540,114,8
경기도 성남시 분당구 판교동,4113565000,26407,3088,3661,2687,3494,5587,4083,2402,952,383,68,2,13000,1598,1903,1349,1525,2638,2141,1214,452,164,15,1,13407,1490,1758,1338,1969,2949,1942,1188,500,219,53,1
경기도 성남시 분당구 삼평동,4113565500,24490,2517,3004,3001,3432,4573,3980,2492,974,438,74,5,11902,1309,1510,1499,1547,2213,1989,1189,463,165,17,1,12588,1208,1494,1502,1885,2360,1991,1303,511,273,57,4
경기도 성남시 분당구 백현동,4113565700,26974,2551,3021,3693,3517,4582,4810,3011,1212,490,86,1,13023,1310,1564,1853,1639,2164,2279,1467,557,170,20,0,13951,1241,1457,1840,1878,2418,2531,1544,655,320,66,1
경기도 성남시 분당구 금곡동,4113566200,27976,1772,2272,3819,4425,4184,4526,3676,1980,1093,226,3,13139,910,1117,1858,2126,1936,2115,1749,859,403,66,0,14837,862,1155,1961,2299,2248,2411,1927,1121,690,160,3
경기도 성남시 분당구 구미1동,4113566500,17222,1241,1559,2623,2654,2808,2879,1926,931,498,102,1,8321,634,760,1288,1322,1337,1393,940,414,201,32,0,8901,607,799,1335,1332,1471,1486,986,517,297,70,1
경기도 성남시 분당구 구미동,4113567000,30631,2076,2566,4261,4482,4709,5145,3759,2074,1281,268,10,14656,1014,1345,2162,2188,2167,2474,1822,908,487,86,3,15975,1062,1221,2099,2294,2542,2671,1937,1166,794,182,7
경기도 성남시 분당구 운중동,4113568000,29609,3452,3185,3150,4620,5629,4692,3228,1104,457,90,2,14503,1789,1606,1585,2090,2747,2321,1623,549,176,17,0,15106,1663,1579,1565,2530,2882,2371,1605,555,281,73,2
경기도 의정부시 ,4115000000,463706,33099,41710,64376,60092,73674,81094,61434,31254,14965,1953,55,228555,17130,21522,32620,30748,37066,39908,29757,13761,5577,458,8,235151,15969,20188,31756,29344,36608,41186,31677,17493,9388,1495,47
경기도 의정부시 의정부1동,4115051000,32497,1124,1602,6706,5071,4370,5507,4715,2196,1059,141,6,16655,609,804,3124,2803,2455,3024,2433,986,387,29,1,15842,515,798,3582,2268,1915,2483,2282,1210,672,112,5
경기도 의정부시 의정부2동,4115052000,31443,1682,2108,5460,4605,4707,5466,4230,2120,948,115,2,15607,885,1140,2643,2446,2443,2716,2015,922,363,34,0,15836,797,968,2817,2159,2264,2750,2215,1198,585,81,2
경기도 의정부시 호원1동,4115054500,36162,2165,2790,4672,4374,5612,6030,5486,3476,1409,146,2,17596,1111,1423,2286,2212,2879,2938,2522,1576,605,43,1,18566,1054,1367,2386,2162,2733,3092,2964,1900,804,103,1
경기도 의정부시 호원2동,4115055500,34887,2304,3347,4454,3859,5486,6011,4742,3039,1468,171,6,16892,1187,1694,2274,1951,2643,2975,2196,1296,614,61,1,17995,1117,1653,2180,1908,2843,3036,2546,1743,854,110,5
경기도 의정부시 장암동,4115056100,20287,1389,2004,2338,2180,3360,3409,2951,1712,826,114,4,9714,701,1031,1176,1095,1664,1609,1414,718,290,16,0,10573,688,973,1162,1085,1696,1800,1537,994,536,98,4
경기도 의정부시 신곡1동,4115056700,42733,2629,3704,5901,4902,6446,8442,6209,2939,1390,170,1,20989,1387,1873,3063,2542,3154,4069,3024,1351,492,34,0,21744,1242,1831,2838,2360,3292,4373,3185,1588,898,136,1
경기도 의정부시 신곡2동,4115056800,47716,3318,4924,6753,5465,7379,8879,6430,2912,1429,225,2,23130,1731,2588,3431,2739,3575,4171,3079,1254,514,48,0,24586,1587,2336,3322,2726,3804,4708,3351,1658,915,177,2
경기도 의정부시 송산1동,4115057300,42936,3626,3656,5757,6530,6844,7375,5412,2271,1273,184,8,21374,1849,1888,2973,3383,3479,3582,2711,1042,436,29,2,21562,1777,1768,2784,3147,3365,3793,2701,1229,837,155,6
경기도 의정부시 송산2동,4115057600,33613,2658,4157,4562,3725,6130,6122,3235,1904,974,142,4,16636,1382,2125,2421,1844,2956,3129,1570,805,371,32,1,16977,1276,2032,2141,1881,3174,2993,1665,1099,603,110,3
경기도 의정부시 송산3동,4115057800,47071,6397,5364,4977,7893,9360,6292,4124,1801,746,114,3,22858,3288,2700,2470,3706,4689,3022,1925,799,228,30,1,24213,3109,2664,2507,4187,4671,3270,2199,1002,518,84,2
경기도 의정부시 자금동,4115058000,27215,1825,2462,3833,3244,4050,5113,3749,1843,979,113,4,13341,920,1274,2002,1651,2002,2467,1840,803,350,31,1,13874,905,1188,1831,1593,2048,2646,1909,1040,629,82,3
경기도 의정부시 가능동,4115059500,25981,1472,1959,3521,3295,3730,4931,4002,2020,940,105,6,13008,748,1033,1856,1775,1901,2431,2006,883,356,19,0,12973,724,926,1665,1520,1829,2500,1996,1137,584,86,6
경기도 의정부시 흥선동,4115061500,19507,1142,1563,2579,2453,2782,3596,3057,1486,754,91,4,9937,605,817,1388,1328,1509,1806,1536,650,281,17,0,9570,537,746,1191,1125,1273,1790,1521,836,473,74,4
경기도 의정부시 녹양동,4115062000,21658,1368,2070,2863,2496,3418,3921,3092,1535,770,122,3,10818,727,1132,1513,1273,1717,1969,1486,676,290,35,0,10840,641,938,1350,1223,1701,1952,1606,859,480,87,3
경기도 안양시 ,4117000000,546753,37834,50915,75118,77053,85643,95986,75261,31945,14654,2258,86,270290,19247,26402,38865,39670,42133,46657,36924,14721,5135,518,18,276463,18587,24513,36253,37383,43510,49329,38337,17224,9519,1740,68
경기도 안양시 만안구 ,4117100000,238809,14906,18192,33689,33231,34315,42794,36674,16612,7331,1024,41,119538,7552,9491,17575,17578,17677,20978,18029,7762,2662,226,8,119271,7354,8701,16114,15653,16638,21816,18645,8850,4669,798,33
경기도 안양시 만안구 안양1동,4117151000,12475,835,1049,1897,1834,1913,2217,1636,743,296,54,1,6248,416,548,955,942,965,1122,810,353,122,15,0,6227,419,501,942,892,948,1095,826,390,174,39,1
경기도 안양시 만안구 안양2동,4117152000,21284,1089,1419,3343,2883,2815,3888,3429,1649,665,100,4,10675,538,735,1649,1575,1483,1896,1745,785,247,22,0,10609,551,684,1694,1308,1332,1992,1684,864,418,78,4
경기도 안양시 만안구 안양3동,4117153000,16531,759,1252,2422,2100,2255,3001,2852,1315,519,56,0,8231,386,651,1299,1164,1155,1435,1346,597,186,12,0,8300,373,601,1123,936,1100,1566,1506,718,333,44,0
경기도 안양시 만안구 안양4동,4117154000,6964,239,448,1020,881,962,1253,1097,653,361,50,0,3479,119,232,494,487,536,643,539,271,134,24,0,3485,120,216,526,394,426,610,558,382,227,26,0
경기도 안양시 만안구 안양5동,4117155000,10289,449,691,1392,1300,1412,1822,1813,903,445,59,3,5111,235,364,739,685,728,924,864,397,161,13,1,5178,214,327,653,615,684,898,949,506,284,46,2
경기도 안양시 만안구 안양6동,4117156000,26320,1808,1575,3974,5095,3841,4191,3544,1493,708,88,3,13474,893,816,2047,2789,2078,2102,1739,728,252,30,0,12846,915,759,1927,2306,1763,2089,1805,765,456,58,3
경기도 안양시 만안구 안양7동,4117157000,15778,1733,1300,1894,2662,2654,2576,1855,775,272,54,3,7740,858,653,952,1265,1371,1275,882,363,110,10,1,8038,875,647,942,1397,1283,1301,973,412,162,44,2
경기도 안양시 만안구 안양8동,4117158000,10638,414,638,1561,1422,1383,1983,1958,864,363,48,4,5520,218,327,856,865,764,988,952,401,145,4,0,5118,196,311,705,557,619,995,1006,463,218,44,4
경기도 안양시 만안구 안양9동,4117158100,17308,906,1190,2322,2123,2217,3234,3115,1458,652,78,13,8544,452,602,1258,1154,1137,1508,1512,657,244,15,5,8764,454,588,1064,969,1080,1726,1603,801,408,63,8
경기도 안양시 만안구 석수1동,4117159000,19406,1324,1474,2468,2627,2811,3468,3118,1386,616,114,0,9530,721,780,1298,1302,1363,1614,1521,695,213,23,0,9876,603,694,1170,1325,1448,1854,1597,691,403,91,0
경기도 안양시 만안구 석수2동,4117160000,31407,2009,2515,4389,3954,4624,5961,4615,2202,999,134,5,15724,1032,1349,2280,2016,2377,2940,2312,1023,370,25,0,15683,977,1166,2109,1938,2247,3021,2303,1179,629,109,5
경기도 안양시 만안구 석수3동,4117161000,13208,827,1280,1877,1452,1978,2493,2035,820,399,47,0,6652,403,688,1045,747,991,1229,1042,375,124,8,0,6556,424,592,832,705,987,1264,993,445,275,39,0
경기도 안양시 만안구 박달1동,4117162100,14917,600,1093,2064,1631,2033,3018,2541,1293,575,66,3,7461,280,560,1064,907,1049,1558,1243,593,195,11,1,7456,320,533,1000,724,984,1460,1298,700,380,55,2
경기도 안양시 만안구 박달2동,4117163000,22284,1914,2268,3066,3267,3417,3689,3066,1058,461,76,2,11149,1001,1186,1639,1680,1680,1744,1522,524,159,14,0,11135,913,1082,1427,1587,1737,1945,1544,534,302,62,2
경기도 안양시 동안구 ,4117300000,307944,22928,32723,41429,43822,51328,53192,38587,15333,7323,1234,45,150752,11695,16911,21290,22092,24456,25679,18895,6959,2473,292,10,157192,11233,15812,20139,21730,26872,27513,19692,8374,4850,942,35
경기도 안양시 동안구 비산1동,4117351000,21099,1649,2111,2804,2679,3300,3837,3043,1118,477,79,2,10302,855,1110,1415,1298,1567,1824,1498,534,181,20,0,10797,794,1001,1389,1381,1733,2013,1545,584,296,59,2
경기도 안양시 동안구 비산2동,4117352000,11660,879,1087,1614,1543,1732,2181,1678,652,247,46,1,5646,447,537,833,756,828,1035,812,312,78,8,0,6014,432,550,781,787,904,1146,866,340,169,38,1
경기도 안양시 동안구 비산3동,4117353000,12442,579,916,1815,1594,1619,2434,2081,901,434,67,2,6232,295,510,977,849,811,1179,1043,411,138,19,0,6210,284,406,838,745,808,1255,1038,490,296,48,2
경기도 안양시 동안구 부흥동,4117354000,17097,1286,2192,2051,2067,3149,2764,2129,944,439,73,3,8181,693,1135,1049,988,1440,1336,981,410,130,18,1,8916,593,1057,1002,1079,1709,1428,1148,534,309,55,2
경기도 안양시 동안구 달안동,4117354600,10759,640,678,1394,2236,1741,1656,1371,601,374,67,1,4868,327,349,633,1121,801,731,583,209,101,13,0,5891,313,329,761,1115,940,925,788,392,273,54,1
경기도 안양시 동안구 관양1동,4117355000,35994,1869,2792,5630,4676,4723,6875,5666,2446,1128,179,10,17552,969,1477,2966,2493,2244,3210,2695,1076,372,47,3,18442,900,1315,2664,2183,2479,3665,2971,1370,756,132,7
경기도 안양시 동안구 관양2동,4117356000,18889,1153,1392,2876,2902,2890,3405,2544,1131,511,82,3,9575,577,671,1557,1604,1450,1701,1283,521,192,19,0,9314,576,721,1319,1298,1440,1704,1261,610,319,63,3
경기도 안양시 동안구 부림동,4117356600,26707,2042,2319,3557,5594,4863,4013,2623,1049,572,74,1,12968,1006,1201,1737,2913,2347,1880,1262,411,191,19,1,13739,1036,1118,1820,2681,2516,2133,1361,638,381,55,0
경기도 안양시 동안구 평촌동,4117357000,14566,1241,1620,2065,1813,2336,2908,1595,604,346,33,5,7142,636,813,1073,873,1093,1406,820,286,131,10,1,7424,605,807,992,940,1243,1502,775,318,215,23,4
경기도 안양시 동안구 평안동,4117357600,23451,2249,3703,2484,3100,5148,3452,2017,750,465,81,2,11400,1141,1924,1277,1431,2389,1767,994,325,134,18,0,12051,1108,1779,1207,1669,2759,1685,1023,425,331,63,2
경기도 안양시 동안구 귀인동,4117357800,16609,1281,3499,1773,1206,3914,2673,1336,572,307,46,2,8187,698,1837,893,518,1773,1410,679,254,111,14,0,8422,583,1662,880,688,2141,1263,657,318,196,32,2
경기도 안양시 동안구 호계1동,4117358000,18068,2478,1596,1976,3843,3254,2401,1670,587,210,48,5,9086,1262,838,985,1902,1698,1198,818,301,77,6,1,8982,1216,758,991,1941,1556,1203,852,286,133,42,4
경기도 안양시 동안구 호계2동,4117359000,19767,1361,1560,3081,3012,2683,3646,2927,1002,419,75,1,9719,681,815,1574,1571,1284,1723,1443,457,151,19,1,10048,680,745,1507,1441,1399,1923,1484,545,268,56,0
경기도 안양시 동안구 호계3동,4117360000,21422,1545,1940,3111,2931,3169,4001,3181,1012,453,76,3,10715,793,953,1650,1499,1593,1892,1630,546,146,12,1,10707,752,987,1461,1432,1576,2109,1551,466,307,64,2
경기도 안양시 동안구 범계동,4117361000,15555,1132,2212,1972,2016,2869,2625,1547,693,396,93,0,7454,563,1157,981,957,1294,1281,776,289,129,27,0,8101,569,1055,991,1059,1575,1344,771,404,267,66,0
경기도 안양시 동안구 신촌동,4117362000,12848,880,1545,1780,1558,2079,2375,1712,630,238,51,0,6351,431,808,920,800,960,1147,876,311,88,10,0,6497,449,737,860,758,1119,1228,836,319,150,41,0
경기도 안양시 동안구 갈산동,4117363000,11011,664,1561,1446,1052,1859,1946,1467,641,307,64,4,5374,321,776,770,519,884,959,702,306,123,13,1,5637,343,785,676,533,975,987,765,335,184,51,3
경기도 부천시 ,4119000000,807090,53294,68083,112733,112615,125436,144952,118321,47405,20877,3222,152,399933,27433,34877,58154,57977,63257,70284,58032,22063,7076,743,37,407157,25861,33206,54579,54638,62179,74668,60289,25342,13801,2479,115
경기도 부천시 심곡동,4119060300,63464,2878,3763,9877,9268,9353,11508,10146,4629,1772,258,12,32331,1548,1922,5051,5127,5121,5847,4859,2182,624,48,2,31133,1330,1841,4826,4141,4232,5661,5287,2447,1148,210,10
경기도 부천시 부천동,4119060600,89035,5151,6951,12568,11805,13451,16383,13848,5973,2556,325,24,44486,2639,3609,6574,6113,6995,8122,6685,2759,897,86,7,44549,2512,3342,5994,5692,6456,8261,7163,3214,1659,239,17
경기도 부천시 중동,4119061000,41067,2571,3794,5826,5273,6182,7456,6275,2380,1097,200,13,20266,1321,1955,2999,2689,3045,3582,3092,1167,358,54,4,20801,1250,1839,2827,2584,3137,3874,3183,1213,739,146,9
경기도 부천시 신중동,4119074200,129028,9206,10845,18571,20928,20200,22193,17843,6031,2707,482,22,62277,4702,5487,9093,10360,9681,10233,8894,2854,871,98,4,66751,4504,5358,9478,10568,10519,11960,8949,3177,1836,384,18
경기도 부천시 상동,4119074400,85434,7507,9641,11747,12273,14853,15243,9597,2968,1350,250,5,41950,3874,4908,6010,5895,6975,7371,4990,1439,431,55,2,43484,3633,4733,5737,6378,7878,7872,4607,1529,919,195,3
경기도 부천시 대산동,4119074600,81897,4462,6255,11296,11303,12103,14651,13145,5831,2460,373,18,40499,2271,3239,5935,6039,6168,6968,6184,2697,912,82,4,41398,2191,3016,5361,5264,5935,7683,6961,3134,1548,291,14
경기도 부천시 소사본동,4119075000,56283,3670,4147,7475,8019,7721,9854,9479,4004,1652,249,13,27774,1907,2068,3909,4239,3894,4592,4598,1909,588,66,4,28509,1763,2079,3566,3780,3827,5262,4881,2095,1064,183,9
경기도 부천시 범안동,4119079500,94864,9087,9368,10839,13483,17328,14375,12284,5309,2381,388,22,46423,4694,4675,5566,6551,8790,6895,5847,2486,818,94,7,48441,4393,4693,5273,6932,8538,7480,6437,2823,1563,294,15
경기도 부천시 성곡동,4119080000,82678,4114,6688,12203,9667,11855,16712,12974,5417,2665,374,9,41338,2088,3504,6420,5182,6025,8307,6473,2378,876,85,0,41340,2026,3184,5783,4485,5830,8405,6501,3039,1789,289,9
경기도 부천시 오정동,4119083000,83340,4648,6631,12331,10596,12390,16577,12730,4863,2237,323,14,42589,2389,3510,6597,5782,6563,8367,6410,2192,701,75,3,40751,2259,3121,5734,4814,5827,8210,6320,2671,1536,248,11
경기도 광명시 ,4121000000,293763,21931,29668,36969,40142,49927,49097,39420,17642,7804,1127,36,144827,11166,15301,19250,20440,24589,24453,18767,7974,2642,237,8,148936,10765,14367,17719,19702,25338,24644,20653,9668,5162,890,28
경기도 광명시 광명1동,4121051000,150,0,4,6,17,22,44,40,13,2,2,0,83,0,3,4,10,11,30,17,6,1,1,0,67,0,1,2,7,11,14,23,7,1,1,0
경기도 광명시 광명2동,4121052000,3215,105,216,363,368,453,570,636,354,139,11,0,1638,63,119,201,215,245,293,290,160,48,4,0,1577,42,97,162,153,208,277,346,194,91,7,0
경기도 광명시 광명3동,4121054000,9867,332,635,1222,1203,1356,1855,1853,964,403,41,3,4809,169,342,640,685,689,896,822,411,150,4,1,5058,163,293,582,518,667,959,1031,553,253,37,2
경기도 광명시 광명4동,4121055000,13470,614,900,1730,1772,1883,2341,2477,1251,443,58,1,6608,295,453,894,970,955,1148,1168,560,152,13,0,6862,319,447,836,802,928,1193,1309,691,291,45,1
경기도 광명시 광명5동,4121056000,13890,805,1178,1717,1659,2211,2363,2277,1147,474,59,0,6850,421,615,939,843,1127,1138,1069,520,166,12,0,7040,384,563,778,816,1084,1225,1208,627,308,47,0
경기도 광명시 광명6동,4121057000,10516,754,1119,1222,1206,1764,1777,1587,759,298,29,1,5194,362,583,635,610,866,886,771,362,112,7,0,5322,392,536,587,596,898,891,816,397,186,22,1
경기도 광명시 광명7동,4121058000,21380,1587,1798,2749,3180,3307,3504,3211,1417,539,87,1,10554,775,905,1457,1625,1681,1699,1524,674,195,19,0,10826,812,893,1292,1555,1626,1805,1687,743,344,68,1
경기도 광명시 철산1동,4121059000,10931,838,1357,1455,1484,1959,1853,1236,506,218,25,0,5417,426,711,773,749,909,915,613,234,81,6,0,5514,412,646,682,735,1050,938,623,272,137,19,0
경기도 광명시 철산2동,4121060000,5736,186,372,838,726,782,1207,968,413,212,31,1,3026,86,189,438,429,421,665,522,187,82,7,0,2710,100,183,400,297,361,542,446,226,130,24,1
경기도 광명시 철산3동,4121061000,34815,2994,4413,4339,4017,6435,5864,4243,1641,758,110,1,17067,1489,2296,2252,1904,3029,2933,2061,792,289,21,1,17748,1505,2117,2087,2113,3406,2931,2182,849,469,89,0
경기도 광명시 철산4동,4121062000,13078,985,1137,1646,2295,2200,2147,1628,758,249,30,3,6556,516,590,882,1160,1101,1090,776,356,79,4,2,6522,469,547,764,1135,1099,1057,852,402,170,26,1
경기도 광명시 하안1동,4121063100,25945,2117,3140,3149,2954,4824,4458,3305,1326,580,87,5,12944,1092,1609,1671,1487,2345,2271,1639,628,184,18,0,13001,1025,1531,1478,1467,2479,2187,1666,698,396,69,5
경기도 광명시 하안2동,4121063200,13862,925,1001,1729,2502,2300,2198,1757,829,528,91,2,6528,457,508,864,1315,1137,1033,719,338,139,18,0,7334,468,493,865,1187,1163,1165,1038,491,389,73,2
경기도 광명시 하안3동,4121063300,20047,1349,1776,2415,2753,3305,3320,2676,1442,876,126,9,9475,729,914,1212,1377,1622,1617,1197,529,251,25,2,10572,620,862,1203,1376,1683,1703,1479,913,625,101,7
경기도 광명시 하안4동,4121063400,12366,917,1340,1659,1981,2222,2067,1307,560,275,37,1,5997,478,681,840,1042,1018,1010,601,228,93,6,0,6369,439,659,819,939,1204,1057,706,332,182,31,1
경기도 광명시 소하1동,4121064000,31695,2803,4258,3670,3787,6021,4957,3821,1609,646,121,2,15435,1428,2186,1870,1800,2881,2447,1830,756,209,28,0,16260,1375,2072,1800,1987,3140,2510,1991,853,437,93,2
경기도 광명시 소하2동,4121065000,28794,1852,2968,3703,3427,4497,5034,4271,2073,848,116,5,14408,946,1543,2021,1829,2273,2523,2016,931,296,28,2,14386,906,1425,1682,1598,2224,2511,2255,1142,552,88,3
경기도 광명시 일직동,4121065500,21903,2712,1971,3163,4614,4172,3137,1598,350,148,38,0,11049,1406,998,1547,2274,2141,1622,830,180,40,11,0,10854,1306,973,1616,2340,2031,1515,768,170,108,27,0
경기도 광명시 학온동,4121066000,2103,56,85,194,197,214,401,529,230,168,28,1,1189,28,56,110,116,138,237,302,122,75,5,0,914,28,29,84,81,76,164,227,108,93,23,1
경기도 평택시 ,4122000000,561770,49969,54113,77469,85834,97032,90869,60699,28802,14894,2018,71,292554,25405,27870,42955,47281,52021,47970,30555,12714,5291,474,18,269216,24564,26243,34514,38553,45011,42899,30144,16088,9603,1544,53
경기도 평택시 팽성읍,4122025000,28610,1634,1831,3246,3254,4127,5185,4792,2746,1599,187,9,14953,841,956,1832,1874,2281,2920,2419,1196,588,44,2,13657,793,875,1414,1380,1846,2265,2373,1550,1011,143,7
경기도 평택시 안중읍,4122025300,43685,3692,5690,5886,5519,8333,7257,4133,1962,1055,155,3,22572,1834,2875,3186,3069,4263,3989,2093,851,374,38,0,21113,1858,2815,2700,2450,4070,3268,2040,1111,681,117,3
경기도 평택시 포승읍,4122025600,24539,1769,1884,3340,3912,4651,4036,2849,1314,662,118,4,14842,871,1003,2202,2636,3047,2567,1613,638,235,30,0,9697,898,881,1138,1276,1604,1469,1236,676,427,88,4
경기도 평택시 청북읍,4122025900,27111,3817,3351,2406,4601,5636,3125,2376,1096,589,110,4,14364,1963,1743,1343,2412,3153,1779,1215,534,200,22,0,12747,1854,1608,1063,2189,2483,1346,1161,562,389,88,4
경기도 평택시 진위면,4122031000,11431,448,817,1432,1385,1692,2138,1931,1023,497,66,2,6317,216,423,895,899,1023,1167,1017,487,177,13,0,5114,232,394,537,486,669,971,914,536,320,53,2
경기도 평택시 서탄면,4122032000,3666,122,205,337,351,447,675,782,451,264,32,0,2026,60,119,213,209,291,400,429,209,89,7,0,1640,62,86,124,142,156,275,353,242,175,25,0
경기도 평택시 고덕면,4122033000,13271,1017,886,1947,2076,1969,2296,1708,844,459,68,1,7076,511,460,1146,1206,1124,1184,846,420,168,11,0,6195,506,426,801,870,845,1112,862,424,291,57,1
경기도 평택시 오성면,4122034000,6606,292,471,670,601,856,1250,1250,689,464,62,1,3557,166,236,393,372,523,711,667,313,154,22,0,3049,126,235,277,229,333,539,583,376,310,40,1
경기도 평택시 현덕면,4122037000,5133,147,261,428,336,570,928,1151,782,459,68,3,2716,83,135,258,198,356,539,598,378,156,14,1,2417,64,126,170,138,214,389,553,404,303,54,2
경기도 평택시 중앙동,4122051000,44293,2692,4695,7438,5386,7413,8254,4865,2281,1124,140,5,22944,1340,2430,4240,3117,3821,4217,2397,978,370,33,1,21349,1352,2265,3198,2269,3592,4037,2468,1303,754,107,4
경기도 평택시 서정동,4122052000,25440,1197,2245,3694,3066,4124,4865,3431,1796,908,111,3,12988,581,1181,2050,1738,2239,2484,1604,749,324,37,1,12452,616,1064,1644,1328,1885,2381,1827,1047,584,74,2
경기도 평택시 송탄동,4122053500,21857,2618,1899,2898,3967,3915,3399,2001,732,364,63,1,11425,1348,943,1588,2110,2149,1751,1059,329,138,10,0,10432,1270,956,1310,1857,1766,1648,942,403,226,53,1
경기도 평택시 지산동,4122055000,12973,637,903,2560,2354,2169,2026,1254,712,323,34,1,7176,306,440,1501,1467,1275,1122,635,300,125,5,0,5797,331,463,1059,887,894,904,619,412,198,29,1
경기도 평택시 송북동,4122056000,22110,1510,2127,2953,2573,3670,4133,2961,1376,685,108,14,11095,751,1076,1620,1314,1912,2105,1470,571,242,26,8,11015,759,1051,1333,1259,1758,2028,1491,805,443,82,6
경기도 평택시 신장1동,4122057000,7057,569,469,1065,1208,1141,1106,787,440,234,38,0,3691,295,239,614,668,630,593,403,160,81,8,0,3366,274,230,451,540,511,513,384,280,153,30,0
경기도 평택시 신장2동,4122058000,5729,161,281,720,675,778,979,1025,672,368,67,3,2959,95,159,397,413,474,539,481,260,125,15,1,2770,66,122,323,262,304,440,544,412,243,52,2
경기도 평택시 신평동,4122059000,22850,957,1649,4118,2990,3369,4222,3100,1569,787,85,4,11896,505,876,2257,1759,1794,2173,1537,681,292,21,1,10954,452,773,1861,1231,1575,2049,1563,888,495,64,3
경기도 평택시 원평동,4122060000,11556,602,704,1837,1721,1683,1976,1653,892,434,54,0,6054,295,360,1030,1038,898,1057,816,388,160,12,0,5502,307,344,807,683,785,919,837,504,274,42,0
경기도 평택시 통복동,4122061000,4095,116,211,619,416,526,762,781,449,189,26,0,2153,55,115,361,258,295,409,382,199,72,7,0,1942,61,96,258,158,231,353,399,250,117,19,0
경기도 평택시 비전1동,4122062000,51747,5602,6289,6648,8017,10013,7972,4359,1838,895,112,2,26019,2888,3286,3480,3994,4954,4094,2175,804,315,28,1,25728,2714,3003,3168,4023,5059,3878,2184,1034,580,84,1
경기도 평택시 비전2동,4122063000,55162,5770,6250,7292,8259,9589,8984,5473,2217,1188,134,6,27376,2954,3265,3792,4165,4628,4409,2712,960,457,33,1,27786,2816,2985,3500,4094,4961,4575,2761,1257,731,101,5
경기도 평택시 용이동,4122063500,26033,3364,3210,3602,4722,5315,3354,1612,568,258,28,0,13703,1773,1669,1930,2538,2809,1803,820,265,91,5,0,12330,1591,1541,1672,2184,2506,1551,792,303,167,23,0
경기도 평택시 세교동,4122064000,29359,2563,2811,4381,4383,4664,5332,3142,1319,688,75,1,14826,1324,1420,2357,2337,2373,2630,1572,559,238,16,0,14533,1239,1391,2024,2046,2291,2702,1570,760,450,59,1
경기도 평택시 동삭동,4122065000,37426,5616,3512,4782,8803,7072,4371,2240,692,291,44,3,19257,2842,1751,2497,4628,3853,2191,1072,323,91,9,0,18169,2774,1761,2285,4175,3219,2180,1168,369,200,35,3
경기도 평택시 고덕동,4122066000,20031,3057,1462,3170,5259,3310,2244,1043,342,110,33,1,10569,1508,710,1773,2862,1856,1137,523,162,29,8,1,9462,1549,752,1397,2397,1454,1107,520,180,81,25,0
경기도 송탄출장소 ,4122200000,0,0,0,0,0,0,0,0,0,0,0,0,0,0,0,0,0,0,0,0,0,0,0,0,0,0,0,0,0,0,0,0,0,0,0,0
경기도 안중출장소 ,4122400000,0,0,0,0,0,0,0,0,0,0,0,0,0,0,0,0,0,0,0,0,0,0,0,0,0,0,0,0,0,0,0,0,0,0,0,0
경기도 동두천시 ,4125000000,93528,5853,8410,11039,9993,13818,16439,14064,8557,4735,598,22,46672,3012,4231,5975,5233,7115,8676,6911,3623,1732,160,4,46856,2841,4179,5064,4760,6703,7763,7153,4934,3003,438,18
경기도 동두천시 생연1동,4125051000,6915,444,583,746,752,891,1259,1175,645,381,38,1,3472,238,285,407,393,475,659,589,276,135,15,0,3443,206,298,339,359,416,600,586,369,246,23,1
경기도 동두천시 생연2동,4125052000,11907,716,1244,1274,1183,1858,2019,1758,1128,663,63,1,5843,373,639,705,588,941,1057,810,461,251,18,0,6064,343,605,569,595,917,962,948,667,412,45,1
경기도 동두천시 중앙동,4125053500,4946,154,189,440,439,548,977,1109,637,367,79,7,2602,85,95,236,265,332,573,598,272,121,24,1,2344,69,94,204,174,216,404,511,365,246,55,6
경기도 동두천시 보산동,4125055000,2940,131,195,322,281,350,559,541,347,197,17,0,1429,59,91,187,145,187,280,271,143,64,2,0,1511,72,104,135,136,163,279,270,204,133,15,0
경기도 동두천시 불현동,4125056500,26911,1768,2522,3377,2901,3974,4835,3913,2264,1204,150,3,13222,898,1250,1808,1472,1957,2466,1955,925,447,43,1,13689,870,1272,1569,1429,2017,2369,1958,1339,757,107,2
경기도 동두천시 송내동,4125056600,25800,1985,2887,3427,3066,4405,4230,2838,1838,995,127,2,12690,1008,1460,1806,1577,2195,2206,1282,740,387,28,1,13110,977,1427,1621,1489,2210,2024,1556,1098,608,99,1
경기도 동두천시 소요동,4125058000,8849,401,515,878,779,1176,1607,1732,1095,595,65,6,4609,209,270,505,439,671,887,877,530,205,16,0,4240,192,245,373,340,505,720,855,565,390,49,6
경기도 동두천시 상패동,4125060000,5260,254,275,575,592,616,953,998,603,333,59,2,2805,142,141,321,354,357,548,529,276,122,14,1,2455,112,134,254,238,259,405,469,327,211,45,1
경기도 안산시 ,4127000000,653687,42019,61520,105843,85300,104151,128076,78867,30212,15332,2269,98,335229,21494,31670,56282,46561,53499,65245,41233,13680,5068,474,23,318458,20525,29850,49561,38739,50652,62831,37634,16532,10264,1795,75
경기도 안산시 상록구 ,4127100000,351387,22029,33271,58118,43966,55630,69291,41947,16942,8821,1318,54,179326,11258,17051,30934,23874,28443,35202,21818,7512,2927,295,12,172061,10771,16220,27184,20092,27187,34089,20129,9430,5894,1023,42
경기도 안산시 상록구 일동,4127151000,24698,1562,2386,3729,3011,4286,4736,2802,1425,663,94,4,12620,794,1154,1933,1651,2299,2503,1432,607,227,20,0,12078,768,1232,1796,1360,1987,2233,1370,818,436,74,4
경기도 안산시 상록구 이동,4127151500,23900,983,1531,4373,3683,3813,4543,2892,1331,642,102,7,12788,492,792,2312,2180,2158,2456,1530,618,230,19,1,11112,491,739,2061,1503,1655,2087,1362,713,412,83,6
경기도 안산시 상록구 사동,4127152500,32644,1659,2694,5954,4585,5262,6392,3173,1560,1153,203,9,17168,866,1406,3293,2681,2848,3368,1675,651,322,55,3,15476,793,1288,2661,1904,2414,3024,1498,909,831,148,6
경기도 안산시 상록구 사이동,4127153200,32683,2306,3449,5286,4135,5322,6345,3736,1307,695,99,3,16554,1206,1770,2801,2190,2668,3156,1936,577,230,20,0,16129,1100,1679,2485,1945,2654,3189,1800,730,465,79,3
경기도 안산시 상록구 해양동,4127153700,41465,4393,5236,7304,5691,7104,6888,3550,874,356,69,0,20890,2165,2663,3908,2780,3423,3451,1933,446,111,10,0,20575,2228,2573,3396,2911,3681,3437,1617,428,245,59,0
경기도 안산시 상록구 본오1동,4127154000,37263,2372,3845,5834,4438,6549,7385,4050,1779,902,107,2,19327,1244,2008,3123,2419,3419,3880,2148,744,319,22,1,17936,1128,1837,2711,2019,3130,3505,1902,1035,583,85,1
경기도 안산시 상록구 본오2동,4127155000,26239,1417,2626,4277,2907,4082,5487,3177,1422,734,105,5,13012,718,1287,2224,1551,1980,2731,1632,611,251,27,0,13227,699,1339,2053,1356,2102,2756,1545,811,483,78,5
경기도 안산시 상록구 본오3동,4127156000,19621,859,1595,3395,2370,2941,4139,2511,1104,638,69,0,9787,451,808,1764,1291,1461,2013,1276,469,234,20,0,9834,408,787,1631,1079,1480,2126,1235,635,404,49,0
경기도 안산시 상록구 부곡동,4127157000,21675,1364,2065,3311,2361,3433,4739,2664,1082,584,69,3,11150,694,1031,1750,1318,1784,2488,1421,451,196,17,0,10525,670,1034,1561,1043,1649,2251,1243,631,388,52,3
경기도 안산시 상록구 월피동,4127158000,38115,2070,3457,7010,4455,5642,8061,4759,1618,909,126,8,19459,1059,1852,3743,2432,2798,4031,2539,714,269,21,1,18656,1011,1605,3267,2023,2844,4030,2220,904,640,105,7
경기도 안산시 상록구 성포동,4127159000,26352,1590,2420,4468,3299,3385,5529,3781,1154,585,132,9,12896,842,1251,2332,1699,1548,2539,1930,531,181,38,5,13456,748,1169,2136,1600,1837,2990,1851,623,404,94,4
경기도 안산시 상록구 반월동,4127160000,17591,1013,1215,2070,2093,2524,3184,3170,1585,637,97,3,8878,504,636,1122,1149,1361,1560,1512,759,252,22,1,8713,509,579,948,944,1163,1624,1658,826,385,75,2
경기도 안산시 상록구 안산동,4127161000,9141,441,752,1107,938,1287,1863,1682,701,323,46,1,4797,223,393,629,533,696,1026,854,334,105,4,0,4344,218,359,478,405,591,837,828,367,218,42,1
경기도 안산시 단원구 ,4127300000,302300,19990,28249,47725,41334,48521,58785,36920,13270,6511,951,44,155903,10236,14619,25348,22687,25056,30043,19415,6168,2141,179,11,146397,9754,13630,22377,18647,23465,28742,17505,7102,4370,772,33
경기도 안산시 단원구 와동,4127351000,38258,2441,3722,5842,4910,6833,7544,4290,1726,826,118,6,20211,1238,1968,3243,2787,3678,4065,2231,736,246,19,0,18047,1203,1754,2599,2123,3155,3479,2059,990,580,99,6
경기도 안산시 단원구 고잔동,4127352500,21579,1084,1796,4066,3125,3101,4133,2601,1069,538,65,1,10803,549,930,2021,1759,1561,2053,1302,451,166,10,1,10776,535,866,2045,1366,1540,2080,1299,618,372,55,0
경기도 안산시 단원구 중앙동,4127353200,24570,1464,1977,5171,3875,3537,4308,2951,825,383,74,5,12250,758,1000,2560,2087,1728,2084,1498,416,105,12,2,12320,706,977,2611,1788,1809,2224,1453,409,278,62,3
경기도 안산시 단원구 호수동,4127353500,43860,3328,5080,7276,5449,7021,8882,4767,1263,668,124,2,22031,1682,2623,3761,2746,3310,4351,2663,637,232,26,0,21829,1646,2457,3515,2703,3711,4531,2104,626,436,98,2
경기도 안산시 단원구 원곡동,4127354500,6063,266,312,451,619,921,1562,1070,571,270,20,1,3481,135,157,280,369,555,973,617,283,105,7,0,2582,131,155,171,250,366,589,453,288,165,13,1
경기도 안산시 단원구 백운동,4127355500,21245,1562,1892,3169,3167,3095,4120,2871,968,357,35,9,10676,796,944,1617,1693,1560,1974,1465,492,129,5,1,10569,766,948,1552,1474,1535,2146,1406,476,228,30,8
경기도 안산시 단원구 신길동,4127356500,22513,1515,2399,3069,2780,3929,4373,2849,1027,494,76,2,12075,782,1228,1765,1585,2190,2348,1481,506,173,16,1,10438,733,1171,1304,1195,1739,2025,1368,521,321,60,1
경기도 안산시 단원구 초지동,4127357000,46936,3690,4491,7336,7294,7858,8314,4867,1930,992,159,5,24111,1895,2291,3965,4054,4018,4176,2499,866,322,24,1,22825,1795,2200,3371,3240,3840,4138,2368,1064,670,135,4
경기도 안산시 단원구 선부1동,4127358000,17703,1261,1365,2640,2939,2703,3255,2303,790,390,55,2,9089,663,721,1419,1651,1413,1573,1180,340,117,12,0,8614,598,644,1221,1288,1290,1682,1123,450,273,43,2
경기도 안산시 단원구 선부2동,4127359000,15870,826,1456,2392,1761,2649,3510,2060,786,377,49,4,8603,404,791,1292,1007,1482,1987,1131,369,124,14,2,7267,422,665,1100,754,1167,1523,929,417,253,35,2
경기도 안산시 단원구 선부3동,4127360000,34660,2243,3398,5605,4747,5895,6835,3948,1239,658,90,2,17821,1153,1775,3015,2569,3001,3435,2146,513,204,10,0,16839,1090,1623,2590,2178,2894,3400,1802,726,454,80,2
경기도 안산시 단원구 대부동,4127361000,9043,310,361,708,668,979,1949,2343,1076,558,86,5,4752,181,191,410,380,560,1024,1202,559,218,24,3,4291,129,170,298,288,419,925,1141,517,340,62,2
경기도 고양시 ,4128000000,1079722,78294,102560,146931,142630,177719,196940,132610,61460,35257,5159,162,528390,39945,52442,75222,71074,86088,96544,66501,26430,12782,1321,41,551332,38349,50118,71709,71556,91631,100396,66109,35030,22475,3838,121
경기도 고양시 덕양구 ,4128100000,482459,37275,41194,61959,68801,78314,83968,62283,30346,16040,2201,78,238233,19030,21068,31994,34678,39229,41751,30894,13154,5860,558,17,244226,18245,20126,29965,34123,39085,42217,31389,17192,10180,1643,61
경기도 고양시 덕양구 주교동,4128151000,14540,509,1068,2006,1543,1934,3127,2499,1157,603,89,5,7494,273,589,1113,871,1000,1631,1282,512,197,24,2,7046,236,479,893,672,934,1496,1217,645,406,65,3
경기도 고양시 덕양구 원신동,4128152000,23618,2876,2119,2157,3745,4403,3294,3025,1368,547,84,0,11305,1419,1018,1109,1733,2225,1565,1403,614,205,14,0,12313,1457,1101,1048,2012,2178,1729,1622,754,342,70,0
경기도 고양시 덕양구 흥도동,4128153000,48488,5275,4388,5499,8138,9187,6849,5246,2623,1134,146,3,23466,2639,2215,2648,3912,4664,3273,2476,1186,415,38,0,25022,2636,2173,2851,4226,4523,3576,2770,1437,719,108,3
경기도 고양시 덕양구 성사1동,4128154000,21834,1246,1783,2957,2599,3310,4259,3140,1573,843,123,1,10887,648,944,1567,1362,1677,2179,1519,657,312,22,0,10947,598,839,1390,1237,1633,2080,1621,916,531,101,1
경기도 고양시 덕양구 성사2동,4128155000,11306,572,1002,1435,1288,1655,2057,1728,909,586,71,3,5476,282,525,769,659,798,982,836,394,213,17,1,5830,290,477,666,629,857,1075,892,515,373,54,2
경기도 고양시 덕양구 효자동,4128156000,15067,2066,1073,1710,3033,2599,1914,1558,719,340,47,8,7352,1033,509,773,1430,1388,970,781,343,111,10,4,7715,1033,564,937,1603,1211,944,777,376,229,37,4
경기도 고양시 덕양구 삼송동,4128157500,24853,2519,1648,2768,4685,4225,3630,3054,1541,702,79,2,11959,1254,850,1317,2276,2124,1702,1451,707,262,15,1,12894,1265,798,1451,2409,2101,1928,1603,834,440,64,1
경기도 고양시 덕양구 창릉동,4128158000,23291,2719,1695,2464,5388,4115,2948,2350,1070,466,74,2,11555,1390,879,1143,2687,2113,1488,1135,504,190,26,0,11736,1329,816,1321,2701,2002,1460,1215,566,276,48,2
경기도 고양시 덕양구 고양동,4128159000,29808,1991,3079,3536,3047,5007,5224,4225,2414,1140,139,6,14998,1016,1607,1931,1560,2522,2760,2044,1061,449,47,1,14810,975,1472,1605,1487,2485,2464,2181,1353,691,92,5
경기도 고양시 덕양구 관산동,4128160000,36568,1980,2745,4238,3935,5566,7012,6238,3119,1512,213,10,18563,1015,1432,2325,2123,2962,3600,3083,1393,587,41,2,18005,965,1313,1913,1812,2604,3412,3155,1726,925,172,8
경기도 고양시 덕양구 능곡동,4128161000,15427,833,1163,2103,1762,2182,3108,2475,1127,589,82,3,7926,444,623,1162,951,1089,1572,1315,518,235,17,0,7501,389,540,941,811,1093,1536,1160,609,354,65,3
경기도 고양시 덕양구 화정1동,4128162100,37450,1827,3508,5999,4351,5478,7454,4573,2456,1596,199,9,18208,961,1797,3026,2235,2559,3639,2327,971,621,70,2,19242,866,1711,2973,2116,2919,3815,2246,1485,975,129,7
경기도 고양시 덕양구 화정2동,4128162200,32740,2348,3590,4549,4186,5858,5870,3373,1688,1131,145,2,15905,1212,1847,2298,2098,2714,2893,1731,658,405,49,0,16835,1136,1743,2251,2088,3144,2977,1642,1030,726,96,2
경기도 고양시 덕양구 행주동,4128163000,18715,664,1142,2800,2291,2511,3888,3140,1386,782,110,1,9804,359,600,1543,1301,1373,2099,1642,592,277,18,0,8911,305,542,1257,990,1138,1789,1498,794,505,92,1
경기도 고양시 덕양구 행신1동,4128164000,21535,1227,1937,2953,2668,3322,4203,2987,1362,770,102,4,10512,673,940,1517,1383,1616,2026,1506,545,280,25,1,11023,554,997,1436,1285,1706,2177,1481,817,490,77,3
경기도 고양시 덕양구 행신2동,4128165000,31818,2166,2644,4741,4918,4691,5892,3762,1799,1057,142,6,15623,1119,1365,2485,2516,2266,2830,1932,723,351,35,1,16195,1047,1279,2256,2402,2425,3062,1830,1076,706,107,5
경기도 고양시 덕양구 행신3동,4128165500,45217,2452,4622,6737,5079,6972,9269,5669,2591,1584,239,3,21979,1263,2322,3551,2569,3294,4503,2828,1086,504,58,1,23238,1189,2300,3186,2510,3678,4766,2841,1505,1080,181,2
경기도 고양시 덕양구 화전동,4128166000,27731,3927,1867,2870,5883,5012,3523,2786,1203,553,102,5,13806,1995,944,1443,2850,2677,1760,1335,576,197,29,0,13925,1932,923,1427,3033,2335,1763,1451,627,356,73,5
경기도 고양시 덕양구 대덕동,4128167000,2453,78,121,437,262,287,447,455,241,105,15,5,1415,35,62,274,162,168,279,268,114,49,3,1,1038,43,59,163,100,119,168,187,127,56,12,4
경기도 고양시 일산동구 ,4128500000,299297,19926,28788,43881,38286,49699,56523,35889,15439,9342,1486,38,145579,10236,14755,22090,18900,23546,27440,18181,6680,3359,378,14,153718,9690,14033,21791,19386,26153,29083,17708,8759,5983,1108,24
경기도 고양시 일산동구 식사동,4128551000,37211,3551,4887,4998,4084,7204,6770,3464,1380,751,119,3,18117,1836,2509,2514,1862,3329,3362,1820,577,277,30,1,19094,1715,2378,2484,2222,3875,3408,1644,803,474,89,2
경기도 고양시 일산동구 중산동,4128552000,46646,3228,4242,6662,5349,7048,9157,6214,2723,1724,294,5,22507,1639,2210,3512,2660,3363,4201,3078,1168,603,72,1,24139,1589,2032,3150,2689,3685,4956,3136,1555,1121,222,4
경기도 고양시 일산동구 정발산동,4128553000,23347,1235,2040,3749,2948,3441,4453,3153,1432,777,118,1,11281,649,1031,1927,1532,1574,2097,1519,645,275,31,1,12066,586,1009,1822,1416,1867,2356,1634,787,502,87,0
경기도 고양시 일산동구 풍산동,4128554000,38797,2993,4357,5311,4584,6601,6959,4642,2029,1137,182,2,18678,1513,2219,2722,2235,3100,3289,2278,852,420,50,0,20119,1480,2138,2589,2349,3501,3670,2364,1177,717,132,2
경기도 고양시 일산동구 백석1동,4128555100,30381,1895,2629,4709,4502,4811,5797,3637,1469,827,99,6,14460,951,1349,2277,2226,2256,2685,1776,596,317,25,2,15921,944,1280,2432,2276,2555,3112,1861,873,510,74,4
경기도 고양시 일산동구 백석2동,4128555200,20814,865,1248,3400,3366,3556,3926,2493,1146,709,102,3,10015,436,641,1563,1633,1743,1992,1267,494,221,25,0,10799,429,607,1837,1733,1813,1934,1226,652,488,77,3
경기도 고양시 일산동구 마두1동,4128556000,24019,1341,3198,3655,2256,3944,4782,2826,1146,743,125,3,11554,685,1620,1857,1046,1721,2368,1469,499,257,31,1,12465,656,1578,1798,1210,2223,2414,1357,647,486,94,2
경기도 고양시 일산동구 마두2동,4128557000,16300,1138,2194,2165,1531,2844,3120,1707,799,693,107,2,7714,591,1115,1074,687,1251,1519,867,325,245,39,1,8586,547,1079,1091,844,1593,1601,840,474,448,68,1
경기도 고양시 일산동구 장항1동,4128558000,11473,1375,949,1329,1817,2135,1963,1244,443,182,34,2,5848,744,496,686,829,1093,1011,673,242,68,6,0,5625,631,453,643,988,1042,952,571,201,114,28,2
경기도 고양시 일산동구 장항2동,4128559000,27113,997,1542,5034,4882,4683,5005,2755,1218,867,123,7,13238,522,758,2301,2559,2246,2503,1459,500,343,42,5,13875,475,784,2733,2323,2437,2502,1296,718,524,81,2
경기도 고양시 일산동구 고봉동,4128560000,23196,1308,1502,2869,2967,3432,4591,3754,1654,932,183,4,12167,670,807,1657,1631,1870,2413,1975,782,333,27,2,11029,638,695,1212,1336,1562,2178,1779,872,599,156,2
경기도 고양시 일산서구 ,4128700000,297966,21093,32578,41091,35543,49706,56449,34438,15675,9875,1472,46,144578,10679,16619,21138,17496,23313,27353,17426,6596,3563,385,10,153388,10414,15959,19953,18047,26393,29096,17012,9079,6312,1087,36
경기도 고양시 일산서구 일산1동,4128751000,27017,1777,2594,3823,3126,4083,5190,3556,1745,988,129,6,13063,902,1302,1974,1561,1952,2481,1733,747,378,33,0,13954,875,1292,1849,1565,2131,2709,1823,998,610,96,6
경기도 고양시 일산서구 일산2동,4128752000,18341,837,1423,2605,1895,2438,4083,2993,1232,722,109,4,9088,404,737,1399,954,1212,2031,1539,532,253,27,0,9253,433,686,1206,941,1226,2052,1454,700,469,82,4
경기도 고양시 일산서구 일산3동,4128753000,35238,2456,5651,4508,3439,6852,6604,3363,1348,856,157,4,17074,1291,2887,2314,1701,3011,3196,1768,564,301,40,1,18164,1165,2764,2194,1738,3841,3408,1595,784,555,117,3
경기도 고양시 일산서구 탄현동,4128754000,51417,4351,5358,7147,6880,8818,9725,5106,2313,1490,226,3,25127,2231,2729,3663,3396,4241,4742,2623,921,529,52,0,26290,2120,2629,3484,3484,4577,4983,2483,1392,961,174,3
경기도 고양시 일산서구 주엽1동,4128755000,27840,1700,3100,3696,3257,4468,5072,3329,1664,1363,182,9,13034,856,1581,1873,1550,1990,2350,1635,661,474,61,3,14806,844,1519,1823,1707,2478,2722,1694,1003,889,121,6
경기도 고양시 일산서구 주엽2동,4128756000,28842,1910,3114,3666,3310,4610,5134,3456,1943,1472,224,3,13483,974,1568,1835,1594,2115,2356,1718,752,498,72,1,15359,936,1546,1831,1716,2495,2778,1738,1191,974,152,2
경기도 고양시 일산서구 대화동,4128757000,36213,2186,2929,6139,5302,5451,6814,4361,1840,1039,146,6,17597,1107,1557,3000,2714,2580,3221,2198,825,358,36,1,18616,1079,1372,3139,2588,2871,3593,2163,1015,681,110,5
경기도 고양시 일산서구 송포동,4128758000,21553,1600,2216,2902,2803,3574,4079,2544,1101,636,93,5,10676,780,1141,1603,1351,1702,2003,1299,498,275,21,3,10877,820,1075,1299,1452,1872,2076,1245,603,361,72,2
경기도 고양시 일산서구 송산동,4128759000,51505,4276,6193,6605,5531,9412,9748,5730,2489,1309,206,6,25436,2134,3117,3477,2675,4510,4973,2913,1096,497,43,1,26069,2142,3076,3128,2856,4902,4775,2817,1393,812,163,5
경기도 과천시 ,4129000000,71234,6199,6829,9499,10261,10611,12349,8993,3997,2096,390,10,35058,3243,3490,5010,5110,5187,5942,4398,1796,778,101,3,36176,2956,3339,4489,5151,5424,6407,4595,2201,1318,289,7
경기도 과천시 중앙동,4129051000,10926,816,950,1531,1424,1417,2039,1627,651,385,82,4,5294,419,471,815,698,671,943,809,305,148,14,1,5632,397,479,716,726,746,1096,818,346,237,68,3
경기도 과천시 갈현동,4129052000,16158,1871,1934,1864,2198,2891,2613,1645,716,368,58,0,7855,983,945,962,978,1409,1305,808,301,142,22,0,8303,888,989,902,1220,1482,1308,837,415,226,36,0
경기도 과천시 별양동,4129053000,12168,869,1200,1818,1605,1633,2277,1602,652,426,84,2,5879,446,605,934,814,763,1074,780,290,145,26,2,6289,423,595,884,791,870,1203,822,362,281,58,0
경기도 과천시 부림동,4129054000,15126,1514,1365,2020,2475,2176,2597,1761,740,394,82,2,7483,813,712,1070,1220,1048,1241,880,332,146,21,0,7643,701,653,950,1255,1128,1356,881,408,248,61,2
경기도 과천시 과천동,4129055000,9288,606,582,1226,1601,1337,1513,1433,671,279,40,0,4855,300,324,688,903,745,737,704,330,112,12,0,4433,306,258,538,698,592,776,729,341,167,28,0
경기도 과천시 문원동,4129056000,7568,523,798,1040,958,1157,1310,925,567,244,44,2,3692,282,433,541,497,551,642,417,238,85,6,0,3876,241,365,499,461,606,668,508,329,159,38,2
경기도 구리시 ,4131000000,192461,14094,17346,26044,25203,31472,34848,26020,11548,5165,671,50,95429,7262,8901,13393,12710,15752,17107,12967,5199,1938,180,20,97032,6832,8445,12651,12493,15720,17741,13053,6349,3227,491,30
경기도 구리시 갈매동,4131051000,30739,4324,2387,3100,5363,6043,4109,3475,1452,419,65,2,15225,2236,1175,1562,2521,3220,1987,1656,710,143,15,0,15514,2088,1212,1538,2842,2823,2122,1819,742,276,50,2
경기도 구리시 동구동,4131052000,37422,2517,3744,5417,4524,5957,7233,4728,2084,1051,161,6,18409,1308,1983,2782,2310,2828,3435,2404,908,399,50,2,19013,1209,1761,2635,2214,3129,3798,2324,1176,652,111,4
경기도 구리시 인창동,4131053000,23315,1651,2317,3332,3007,3863,4250,2861,1354,614,65,1,11392,835,1193,1674,1500,1844,2095,1386,612,229,23,1,11923,816,1124,1658,1507,2019,2155,1475,742,385,42,0
경기도 구리시 교문1동,4131054100,16326,683,1049,2150,2044,2410,3187,2773,1298,624,80,28,8371,353,505,1138,1115,1312,1647,1424,606,237,22,12,7955,330,544,1012,929,1098,1540,1349,692,387,58,16
경기도 구리시 교문2동,4131054200,21822,1471,2599,2967,2447,3653,3914,2900,1223,576,68,4,10583,742,1306,1541,1199,1695,1869,1413,567,232,18,1,11239,729,1293,1426,1248,1958,2045,1487,656,344,50,3
경기도 구리시 수택1동,4131057000,15582,739,1074,2318,1972,2223,3113,2538,1093,455,56,1,7799,403,567,1147,1083,1134,1519,1289,481,160,15,1,7783,336,507,1171,889,1089,1594,1249,612,295,41,0
경기도 구리시 수택2동,4131058000,25219,1232,1982,3669,3064,3524,4972,4089,1778,808,96,5,12532,622,1040,1918,1565,1840,2454,2025,754,295,17,2,12687,610,942,1751,1499,1684,2518,2064,1024,513,79,3
경기도 구리시 수택3동,4131059000,22036,1477,2194,3091,2782,3799,4070,2656,1266,618,80,3,11118,763,1132,1631,1417,1879,2101,1370,561,243,20,1,10918,714,1062,1460,1365,1920,1969,1286,705,375,60,2
경기도 남양주시 ,4136000000,731497,63376,78218,86248,89997,131812,121950,90498,46032,20328,2908,130,363970,32566,40249,44902,44437,66019,62215,44051,21078,7754,670,29,367527,30810,37969,41346,45560,65793,59735,46447,24954,12574,2238,101
경기도 남양주시 와부읍,4136025000,60458,3656,7153,7549,5682,10414,11102,7857,4697,2032,302,14,29821,1909,3650,4017,2829,4908,5613,3767,2204,835,84,5,30637,1747,3503,3532,2853,5506,5489,4090,2493,1197,218,9
경기도 남양주시 진접읍,4136025300,92181,7463,11358,10569,9653,16897,15508,11649,6016,2723,331,14,46539,3869,5882,5633,4805,8485,8222,5842,2695,1020,85,1,45642,3594,5476,4936,4848,8412,7286,5807,3321,1703,246,13
경기도 남양주시 화도읍,4136025600,104106,8226,11377,12206,11849,19483,17951,12829,6872,2915,386,12,52070,4241,5955,6429,5932,9788,9328,6164,3024,1111,95,3,52036,3985,5422,5777,5917,9695,8623,6665,3848,1804,291,9
경기도 남양주시 화도읍동부출장소,4136025700,14799,1530,1378,1548,2099,2614,2337,1984,829,390,89,1,7446,791,720,810,1048,1344,1178,993,393,152,16,1,7353,739,658,738,1051,1270,1159,991,436,238,73,0
경기도 남양주시 진건읍,4136025900,23546,905,1768,3106,2261,3125,5001,4277,1975,986,136,6,12243,502,911,1730,1251,1656,2641,2252,908,362,30,0,11303,403,857,1376,1010,1469,2360,2025,1067,624,106,6
경기도 남양주시 오남읍,4136026200,53650,3647,6477,6804,5346,9852,10037,6139,3489,1646,207,6,26955,1886,3358,3594,2727,4895,5302,3004,1514,626,48,1,26695,1761,3119,3210,2619,4957,4735,3135,1975,1020,159,5
경기도 남양주시 퇴계원읍,4136026500,28960,1563,2493,3846,3224,4087,5556,4810,2225,1021,125,10,14447,770,1304,2054,1711,2053,2704,2401,1040,377,31,2,14513,793,1189,1792,1513,2034,2852,2409,1185,644,94,8
경기도 남양주시 별내면,4136031000,19568,1140,1868,2478,1733,3101,3685,2891,1699,833,126,14,9804,593,1006,1267,881,1585,1906,1407,757,356,42,4,9764,547,862,1211,852,1516,1779,1484,942,477,84,10
경기도 남양주시 수동면,4136034000,9043,312,592,821,739,989,1808,1988,1130,528,129,7,4768,174,338,478,405,549,1006,1032,557,205,22,2,4275,138,254,343,334,440,802,956,573,323,107,5
경기도 남양주시 조안면,4136036000,4076,180,224,402,376,502,756,911,451,233,38,3,2107,99,108,224,197,262,398,484,224,101,7,3,1969,81,116,178,179,240,358,427,227,132,31,0
경기도 남양주시 호평동,4136051000,57549,6094,7146,6243,7397,11860,8663,5498,3158,1280,203,7,28074,3175,3640,3255,3488,5740,4348,2503,1371,509,44,1,29475,2919,3506,2988,3909,6120,4315,2995,1787,771,159,6
경기도 남양주시 평내동,4136052000,36705,3095,4853,4589,4303,7182,6126,3613,1921,904,116,3,18121,1592,2519,2305,2132,3509,3127,1718,855,334,30,0,18584,1503,2334,2284,2171,3673,2999,1895,1066,570,86,3
경기도 남양주시 금곡동,4136053000,18483,630,1087,2434,1994,2115,3789,3788,1631,875,136,4,9447,315,570,1348,1158,1122,1910,1924,765,306,28,1,9036,315,517,1086,836,993,1879,1864,866,569,108,3
경기도 남양주시 양정동,4136054000,4294,150,164,492,465,435,838,1055,445,228,21,1,2440,79,84,292,286,273,478,625,222,95,6,0,1854,71,80,200,179,162,360,430,223,133,15,1
경기도 남양주시 다산1동,4136054500,89655,11826,9240,9865,14991,17639,11720,8456,4079,1586,245,8,43993,6016,4656,4869,7057,9077,5794,3912,1976,597,39,0,45662,5810,4584,4996,7934,8562,5926,4544,2103,989,206,8
경기도 남양주시 다산2동,4136056500,35511,4475,3883,3668,5066,7406,5299,3582,1462,580,88,2,17356,2264,2010,1869,2307,3713,2634,1652,677,212,18,0,18155,2211,1873,1799,2759,3693,2665,1930,785,368,70,2
경기도 남양주시 별내동,4136057000,78913,8484,7157,9628,12819,14111,11774,9171,3953,1568,230,18,38339,4291,3538,4728,6223,7060,5626,4371,1896,556,45,5,40574,4193,3619,4900,6596,7051,6148,4800,2057,1012,185,13
경기도 풍양출장소 ,4136200000,0,0,0,0,0,0,0,0,0,0,0,0,0,0,0,0,0,0,0,0,0,0,0,0,0,0,0,0,0,0,0,0,0,0,0,0
경기도 오산시 ,4137000000,230165,21870,24897,31265,37425,43876,34020,21924,9951,4360,556,21,119461,11166,12739,16961,20384,23370,17826,10861,4406,1626,116,6,110704,10704,12158,14304,17041,20506,16194,11063,5545,2734,440,15
경기도 오산시 중앙동,4137051000,35597,3672,4153,4378,5249,6696,5531,3451,1627,762,78,0,17875,1883,2065,2296,2684,3389,2849,1709,696,290,14,0,17722,1789,2088,2082,2565,3307,2682,1742,931,472,64,0
경기도 오산시 남촌동,4137053000,20632,819,1134,3794,4965,3928,2934,1875,792,354,34,3,12299,404,568,2223,3219,2472,1839,1047,373,149,5,0,8333,415,566,1571,1746,1456,1095,828,419,205,29,3
경기도 오산시 신장동,4137054000,61051,6592,7191,7023,9356,11927,8541,6149,2870,1227,168,7,30836,3363,3651,3681,4863,6306,4319,2923,1272,419,37,2,30215,3229,3540,3342,4493,5621,4222,3226,1598,808,131,5
경기도 오산시 세마동,4137055000,31974,3791,3369,4067,5655,6198,4357,2891,1118,450,76,2,16382,1924,1702,2159,2960,3251,2215,1443,555,165,8,0,15592,1867,1667,1908,2695,2947,2142,1448,563,285,68,2
경기도 오산시 초평동,4137056000,16198,1247,1917,2244,2334,3060,2550,1652,769,382,38,5,8359,652,992,1239,1290,1578,1315,821,328,132,9,3,7839,595,925,1005,1044,1482,1235,831,441,250,29,2
경기도 오산시 대원동,4137057000,64713,5749,7133,9759,9866,12067,10107,5906,2775,1185,162,4,33710,2940,3761,5363,5368,6374,5289,2918,1182,471,43,1,31003,2809,3372,4396,4498,5693,4818,2988,1593,714,119,3
경기도 시흥시 ,4139000000,512155,47767,50289,69249,77950,92416,89972,53198,20126,9618,1509,61,267503,24254,25771,37654,41717,49936,47190,28257,9244,3169,299,12,244652,23513,24518,31595,36233,42480,42782,24941,10882,6449,1210,49
경기도 시흥시 대야동,4139051000,44870,3478,3456,6568,6987,6553,8603,5902,2077,1054,187,5,22730,1771,1772,3474,3621,3412,4217,3134,967,327,35,0,22140,1707,1684,3094,3366,3141,4386,2768,1110,727,152,5
경기도 시흥시 신천동,4139052000,36106,1534,3056,5788,3980,4944,8046,5524,2110,990,121,13,18640,795,1594,3169,2221,2568,4111,2943,939,275,24,1,17466,739,1462,2619,1759,2376,3935,2581,1171,715,97,12
경기도 시흥시 신현동,4139053100,9902,409,705,1369,974,1264,2169,1819,756,378,54,5,5196,205,365,760,566,665,1137,990,357,131,18,2,4706,204,340,609,408,599,1032,829,399,247,36,3
경기도 시흥시 은행동,4139054000,56469,7217,5804,6594,9633,10096,8764,5444,1903,862,149,3,28210,3633,2963,3368,4736,5232,4329,2752,909,261,27,0,28259,3584,2841,3226,4897,4864,4435,2692,994,601,122,3
경기도 시흥시 매화동,4139055000,12111,632,1143,1648,1104,1836,2528,1785,896,458,78,3,6359,310,597,970,597,981,1375,957,406,144,21,1,5752,322,546,678,507,855,1153,828,490,314,57,2
경기도 시흥시 목감동,4139057000,42258,5636,3483,4063,8049,7686,5748,4791,1861,803,132,6,21411,2849,1771,2093,4029,4147,2913,2415,913,252,28,1,20847,2787,1712,1970,4020,3539,2835,2376,948,551,104,5
경기도 시흥시 군자동,4139058100,21805,1431,2168,2802,2536,3780,4089,2961,1319,629,88,2,11412,750,1117,1535,1450,2079,2151,1501,592,223,13,1,10393,681,1051,1267,1086,1701,1938,1460,727,406,75,1
경기도 시흥시 월곶동,4139058200,16347,1329,1495,1927,2430,3185,2830,1855,862,378,54,2,8512,651,779,1043,1296,1758,1526,903,401,142,12,1,7835,678,716,884,1134,1427,1304,952,461,236,42,1
경기도 시흥시 정왕본동,4139058900,20381,1095,1114,3202,3990,4216,3759,2027,652,275,46,5,12912,554,579,2118,2735,2884,2388,1211,342,92,8,1,7469,541,535,1084,1255,1332,1371,816,310,183,38,4
경기도 시흥시 정왕1동,4139059100,22292,1240,1848,3690,3307,4486,4328,2230,764,342,55,2,13181,613,945,2358,2087,2829,2609,1275,341,116,7,1,9111,627,903,1332,1220,1657,1719,955,423,226,48,1
경기도 시흥시 정왕2동,4139059200,32088,2225,3476,5095,4346,6136,6316,2810,1033,580,68,3,17482,1125,1782,2995,2582,3430,3350,1563,431,207,17,0,14606,1100,1694,2100,1764,2706,2966,1247,602,373,51,3
경기도 시흥시 정왕3동,4139059300,23058,1621,2105,3017,3105,4583,4682,2559,882,420,81,3,12994,820,1103,1728,1817,2813,2681,1459,413,149,10,1,10064,801,1002,1289,1288,1770,2001,1100,469,271,71,2
경기도 시흥시 정왕4동,4139059400,21020,1572,2567,3500,2384,3704,4362,1745,701,435,49,1,10422,828,1303,1798,1202,1761,2155,941,265,156,13,0,10598,744,1264,1702,1182,1943,2207,804,436,279,36,1
경기도 시흥시 배곧1동,4139059600,35558,5766,4395,3393,6629,7782,4484,2232,612,227,37,1,17678,2887,2230,1663,3128,4065,2207,1147,275,68,8,0,17880,2879,2165,1730,3501,3717,2277,1085,337,159,29,1
경기도 시흥시 배곧2동,4139059700,35390,4632,3957,5470,7195,7392,4292,1782,457,176,37,0,18578,2365,1951,2934,3887,3991,2216,942,217,70,5,0,16812,2267,2006,2536,3308,3401,2076,840,240,106,32,0
경기도 시흥시 과림동,4139062100,1925,45,48,158,182,165,433,565,223,83,22,1,1187,22,25,102,122,116,273,356,128,37,6,0,738,23,23,56,60,49,160,209,95,46,16,1
경기도 시흥시 연성동,4139063000,23752,1674,2725,3647,2616,3999,4971,2380,1062,593,82,3,12123,876,1413,1942,1366,1971,2597,1260,471,215,11,1,11629,798,1312,1705,1250,2028,2374,1120,591,378,71,2
경기도 시흥시 장곡동,4139063100,32573,3734,4053,4069,4838,6381,5404,2568,997,451,77,1,16443,1905,2121,2032,2395,3181,2823,1372,448,148,18,0,16130,1829,1932,2037,2443,3200,2581,1196,549,303,59,1
경기도 시흥시 능곡동,4139064000,24250,2497,2691,3249,3665,4228,4164,2219,959,484,92,2,12033,1295,1361,1572,1880,2053,2132,1136,429,156,18,1,12217,1202,1330,1677,1785,2175,2032,1083,530,328,74,1
경기도 군포시 ,4141000000,269086,18794,25570,36962,37186,42626,47529,36037,15124,7974,1237,47,133458,9598,13262,19231,19406,21085,23169,17654,6852,2858,332,11,135628,9196,12308,17731,17780,21541,24360,18383,8272,5116,905,36
경기도 군포시 군포1동,4141051000,33613,1882,2562,5408,4703,4850,6513,4846,1906,807,130,6,17733,965,1344,2958,2708,2601,3409,2501,899,315,32,1,15880,917,1218,2450,1995,2249,3104,2345,1007,492,98,5
경기도 군포시 군포2동,4141052000,43850,3476,4890,6009,5705,7181,7883,5546,2048,958,148,6,21779,1770,2555,3116,2894,3507,3775,2802,973,348,37,2,22071,1706,2335,2893,2811,3674,4108,2744,1075,610,111,4
경기도 군포시 산본1동,4141054000,15741,602,778,2460,2175,1958,2927,2760,1364,609,102,6,7940,313,419,1343,1254,1072,1386,1314,614,201,23,1,7801,289,359,1117,921,886,1541,1446,750,408,79,5
경기도 군포시 산본2동,4141055000,26767,2027,2738,3556,3402,4294,4683,3825,1392,726,122,2,12955,1034,1400,1828,1652,2031,2169,1902,642,264,32,1,13812,993,1338,1728,1750,2263,2514,1923,750,462,90,1
경기도 군포시 금정동,4141056000,17241,737,1119,2710,2336,2394,3384,2916,1101,470,72,2,8972,387,583,1450,1322,1307,1750,1442,552,165,14,0,8269,350,536,1260,1014,1087,1634,1474,549,305,58,2
경기도 군포시 재궁동,4141057000,18612,1049,1354,2636,3044,2633,3088,2679,1279,739,106,5,8822,538,687,1334,1597,1239,1438,1211,505,245,26,2,9790,511,667,1302,1447,1394,1650,1468,774,494,80,3
경기도 군포시 오금동,4141058000,21458,1712,2015,2700,3635,3564,3461,2495,1112,672,91,1,10418,874,1057,1378,1822,1714,1623,1180,471,270,29,0,11040,838,958,1322,1813,1850,1838,1315,641,402,62,1
경기도 군포시 수리동,4141059000,16295,951,1504,1973,2078,2545,2893,2240,1193,807,110,1,7760,451,769,1008,1061,1224,1378,1033,501,293,41,1,8535,500,735,965,1017,1321,1515,1207,692,514,69,0
경기도 군포시 궁내동,4141060000,20638,1691,3014,2486,2122,3944,3638,2119,907,633,81,3,10104,906,1539,1308,1034,1819,1796,1036,407,227,32,0,10534,785,1475,1178,1088,2125,1842,1083,500,406,49,3
경기도 군포시 대야동,4141061000,9432,613,939,1115,1088,1531,1773,1382,650,281,56,4,4736,310,499,579,557,787,869,710,309,102,12,2,4696,303,440,536,531,744,904,672,341,179,44,2
경기도 군포시 광정동,4141062000,24850,1565,2628,3579,3177,4009,4421,2999,1353,944,166,9,12061,783,1383,1785,1619,1877,2243,1444,575,309,42,1,12789,782,1245,1794,1558,2132,2178,1555,778,635,124,8
경기도 군포시 송부동,4141063000,20589,2489,2029,2330,3721,3723,2865,2230,819,328,53,2,10178,1267,1027,1144,1886,1907,1333,1079,404,119,12,0,10411,1222,1002,1186,1835,1816,1532,1151,415,209,41,2
경기도 의왕시 ,4143000000,163555,12649,14132,22802,22898,24072,29325,23257,9174,4463,762,21,81252,6536,7268,11972,11768,11990,14050,11587,4325,1579,176,1,82303,6113,6864,10830,11130,12082,15275,11670,4849,2884,586,20
경기도 의왕시 고천동,4143051000,14190,884,898,2296,2661,1683,1978,2257,1005,439,87,2,7191,469,472,1195,1444,887,926,1122,500,154,22,0,6999,415,426,1101,1217,796,1052,1135,505,285,65,2
경기도 의왕시 부곡동,4143052000,29489,2100,2344,4082,4215,4248,5201,4069,2018,1067,142,3,14999,1106,1205,2226,2291,2243,2577,2027,899,388,37,0,14490,994,1139,1856,1924,2005,2624,2042,1119,679,105,3
경기도 의왕시 오전동,4143053000,39276,2876,3851,5140,4976,6037,7139,5897,2255,946,157,2,19503,1429,1989,2721,2543,2947,3446,2921,1114,360,33,0,19773,1447,1862,2419,2433,3090,3693,2976,1141,586,124,2
경기도 의왕시 내손1동,4143054000,20802,1445,1926,3214,2382,3016,4091,2988,1040,582,112,6,10206,752,1016,1658,1176,1432,1951,1515,472,209,25,0,10596,693,910,1556,1206,1584,2140,1473,568,373,87,6
경기도 의왕시 내손2동,4143055000,22503,2207,2056,2984,3361,3490,3963,2809,978,560,94,1,11043,1123,1073,1533,1637,1736,1890,1416,428,186,21,0,11460,1084,983,1451,1724,1754,2073,1393,550,374,73,1
경기도 의왕시 청계동,4143056000,37295,3137,3057,5086,5303,5598,6953,5237,1878,869,170,7,18310,1657,1513,2639,2677,2745,3260,2586,912,282,38,1,18985,1480,1544,2447,2626,2853,3693,2651,966,587,132,6
경기도 하남시 ,4145000000,318126,32573,28117,38309,53286,56868,45350,38839,17249,6383,1107,45,159264,16721,14166,19226,26894,29604,22732,18783,8571,2312,246,9,158862,15852,13951,19083,26392,27264,22618,20056,8678,4071,861,36
경기도 하남시 천현동,4145051000,7457,314,391,877,996,943,1422,1577,607,262,67,1,4120,157,201,524,577,594,810,840,306,96,14,1,3337,157,190,353,419,349,612,737,301,166,53,0
경기도 하남시 신장1동,4145052000,6595,269,380,957,1059,894,1182,1099,526,196,32,1,3416,146,194,515,630,495,591,540,235,65,5,0,3179,123,186,442,429,399,591,559,291,131,27,1
경기도 하남시 신장2동,4145053000,46883,3992,3896,5144,6981,7494,7131,7252,3530,1269,185,9,23151,2061,2000,2622,3607,3794,3382,3415,1717,501,49,3,23732,1931,1896,2522,3374,3700,3749,3837,1813,768,136,6
경기도 하남시 덕풍1동,4145054000,15649,912,1013,2054,2207,2129,2751,2809,1234,474,62,4,7954,478,543,1127,1204,1121,1328,1329,612,196,15,1,7695,434,470,927,1003,1008,1423,1480,622,278,47,3
경기도 하남시 덕풍2동,4145055000,18941,1040,1058,2395,2903,2481,3307,3511,1559,595,90,2,9553,528,543,1301,1612,1314,1620,1678,753,192,11,1,9388,512,515,1094,1291,1167,1687,1833,806,403,79,1
경기도 하남시 덕풍3동,4145056000,25368,1935,2455,3122,3313,4309,4155,3565,1739,659,114,2,12622,1049,1226,1650,1719,2170,2042,1660,828,255,23,0,12746,886,1229,1472,1594,2139,2113,1905,911,404,91,2
경기도 하남시 풍산동,4145057000,29823,4220,3098,3172,5097,6137,3872,2693,1033,393,99,9,14738,2102,1545,1599,2360,3180,1931,1310,550,136,23,2,15085,2118,1553,1573,2737,2957,1941,1383,483,257,76,7
경기도 하남시 감북동,4145058000,2754,83,136,339,371,356,568,533,234,114,20,0,1524,47,74,198,226,199,321,296,115,39,9,0,1230,36,62,141,145,157,247,237,119,75,11,0
경기도 하남시 감일동,4145058200,29312,4605,2701,3090,5711,5347,3631,2641,1083,417,81,5,14680,2384,1352,1546,2739,2802,1839,1307,557,138,16,0,14632,2221,1349,1544,2972,2545,1792,1334,526,279,65,5
경기도 하남시 위례동,4145058500,27199,3837,2788,2923,4777,5298,3899,2559,799,262,56,1,13325,1921,1386,1437,2175,2675,1886,1318,425,86,16,0,13874,1916,1402,1486,2602,2623,2013,1241,374,176,40,1
경기도 하남시 춘궁동,4145059000,3866,125,190,462,414,496,765,793,377,210,31,3,2187,61,105,262,246,303,484,445,184,92,4,1,1679,64,85,200,168,193,281,348,193,118,27,2
경기도 하남시 초이동,4145060000,3521,145,174,444,460,432,682,718,295,160,10,1,2011,68,90,261,288,273,396,417,152,63,3,0,1510,77,84,183,172,159,286,301,143,97,7,1
경기도 하남시 미사1동,4145061000,53295,4918,4403,9366,11929,9994,5986,4096,1877,605,119,2,26592,2560,2154,4167,6284,5246,3082,1909,956,208,26,0,26703,2358,2249,5199,5645,4748,2904,2187,921,397,93,2
경기도 하남시 미사2동,4145062000,47463,6178,5434,3964,7068,10558,5999,4993,2356,767,141,5,23391,3159,2753,2017,3227,5438,3020,2319,1181,245,32,0,24072,3019,2681,1947,3841,5120,2979,2674,1175,522,109,5
경기도 용인시 ,4146000000,1078604,95148,120837,138332,140885,197533,171226,113778,65904,30370,4445,146,535053,48630,61846,72123,69804,97317,86927,54666,29703,12838,1177,22,543551,46518,58991,66209,71081,100216,84299,59112,36201,17532,3268,124
경기도 용인시 처인구 ,4146100000,260487,20048,25060,34807,33423,43440,44085,34290,16203,7870,1227,34,133624,10262,12996,18940,17836,22851,22760,17323,7479,2911,260,6,126863,9786,12064,15867,15587,20589,21325,16967,8724,4959,967,28
경기도 용인시 처인구 포곡읍,4146125000,33507,2138,3650,4828,3825,5921,6087,4020,1936,961,140,1,17302,1095,1897,2695,2108,3068,3208,2031,833,341,26,0,16205,1043,1753,2133,1717,2853,2879,1989,1103,620,114,1
경기도 용인시 처인구 모현읍,4146125300,27103,1828,2446,3508,3071,4540,4860,3970,1882,854,141,3,14202,974,1289,1921,1639,2430,2624,2060,887,350,28,0,12901,854,1157,1587,1432,2110,2236,1910,995,504,113,3
경기도 용인시 처인구 이동읍,4146125600,20442,1447,1789,2157,2341,3308,3750,3202,1508,803,131,6,10450,708,929,1220,1319,1797,1943,1579,667,267,20,1,9992,739,860,937,1022,1511,1807,1623,841,536,111,5
경기도 용인시 처인구 남사읍,4146125900,23885,3119,2081,1837,4007,4400,3081,3073,1542,650,92,3,12039,1582,1040,980,1983,2366,1536,1510,778,242,21,1,11846,1537,1041,857,2024,2034,1545,1563,764,408,71,2
경기도 용인시 처인구 원삼면,4146134000,8295,336,579,715,715,1039,1568,1827,923,505,86,2,4291,169,281,404,417,567,839,932,477,187,18,0,4004,167,298,311,298,472,729,895,446,318,68,2
경기도 용인시 처인구 백암면,4146135000,8482,230,547,866,732,965,1559,1917,924,660,81,1,4625,129,302,545,440,591,889,1031,444,234,20,0,3857,101,245,321,292,374,670,886,480,426,61,1
경기도 용인시 처인구 양지면,4146136000,19733,1198,2075,2497,2450,3113,3495,2935,1194,647,122,7,10526,640,1125,1428,1396,1707,1855,1542,579,229,24,1,9207,558,950,1069,1054,1406,1640,1393,615,418,98,6
경기도 용인시 처인구 중앙동,4146151000,24983,1512,2170,4434,3215,3829,4259,3246,1490,723,103,2,12677,761,1113,2338,1771,2018,2143,1598,652,262,20,1,12306,751,1057,2096,1444,1811,2116,1648,838,461,83,1
경기도 용인시 처인구 역북동,4146152500,31940,3535,3100,5336,5640,5603,4199,2700,1258,484,82,3,16142,1802,1566,2765,2914,2924,2034,1353,574,192,17,1,15798,1733,1534,2571,2726,2679,2165,1347,684,292,65,2
경기도 용인시 처인구 삼가동,4146152600,12642,1026,1282,1861,1619,2081,2302,1433,668,321,49,0,6212,538,660,958,802,997,1124,683,308,131,11,0,6430,488,622,903,817,1084,1178,750,360,190,38,0
경기도 용인시 처인구 유림동,4146153000,36274,3013,4232,4929,4411,6708,6349,3770,1879,859,122,2,18317,1511,2192,2667,2258,3380,3265,1871,816,324,33,0,17957,1502,2040,2262,2153,3328,3084,1899,1063,535,89,2
경기도 용인시 처인구 동부동,4146154000,13201,666,1109,1839,1397,1933,2576,2197,999,403,78,4,6841,353,602,1019,789,1006,1300,1133,464,152,22,1,6360,313,507,820,608,927,1276,1064,535,251,56,3
경기도 용인시 기흥구 ,4146300000,442323,40084,50528,57318,57349,82559,69756,44067,26479,12331,1788,64,218341,20544,25913,29953,28109,40320,35157,20751,11769,5315,498,12,223982,19540,24615,27365,29240,42239,34599,23316,14710,7016,1290,52
경기도 용인시 기흥구 신갈동,4146351000,38356,3178,3545,4994,5979,6526,6247,4217,2368,1163,131,8,19145,1596,1837,2515,3123,3271,3172,2090,1013,489,38,1,19211,1582,1708,2479,2856,3255,3075,2127,1355,674,93,7
경기도 용인시 기흥구 영덕1동,4146351600,30486,3190,3586,3804,4415,5852,5086,2766,1200,497,88,2,15172,1636,1837,2013,2186,2887,2576,1301,552,169,14,1,15314,1554,1749,1791,2229,2965,2510,1465,648,328,74,1
경기도 용인시 기흥구 영덕2동,4146351700,17518,1827,1210,2396,3179,2728,2789,1832,769,613,171,4,8662,915,615,1284,1599,1388,1320,878,379,219,64,1,8856,912,595,1112,1580,1340,1469,954,390,394,107,3
경기도 용인시 기흥구 구갈동,4146352000,41772,4119,3275,6582,7515,7058,6659,3832,1888,718,119,7,20899,2114,1697,3279,3757,3627,3338,1891,877,290,28,1,20873,2005,1578,3303,3758,3431,3321,1941,1011,428,91,6
경기도 용인시 기흥구 상갈동,4146353000,13257,892,1224,1936,1900,2277,2275,1382,890,438,43,0,6850,482,617,1041,1033,1186,1217,682,385,200,7,0,6407,410,607,895,867,1091,1058,700,505,238,36,0
경기도 용인시 기흥구 보라동,4146353500,33364,2775,4283,4058,3614,6335,5460,3517,2203,972,142,5,16497,1432,2202,2103,1753,3114,2759,1666,995,424,48,1,16867,1343,2081,1955,1861,3221,2701,1851,1208,548,94,4
경기도 용인시 기흥구 기흥동,4146354000,21695,1737,2163,2583,2708,3828,3580,2852,1478,672,89,5,10746,891,1123,1375,1356,1920,1755,1339,677,295,13,2,10949,846,1040,1208,1352,1908,1825,1513,801,377,76,3
경기도 용인시 기흥구 서농동,4146355000,26373,2953,2586,5407,4339,4549,3269,2017,855,352,44,2,13612,1488,1286,3205,2194,2361,1576,990,372,131,9,0,12761,1465,1300,2202,2145,2188,1693,1027,483,221,35,2
경기도 용인시 기흥구 구성동,4146356000,40264,3226,4809,4439,4253,7647,6300,4588,3243,1527,225,7,19410,1653,2477,2308,2060,3634,3121,2032,1376,704,44,1,20854,1573,2332,2131,2193,4013,3179,2556,1867,823,181,6
경기도 용인시 기흥구 마북동,4146357000,32042,2500,3035,4100,3891,5272,5190,3819,2763,1277,188,7,15661,1294,1577,2122,1917,2542,2505,1789,1242,607,64,2,16381,1206,1458,1978,1974,2730,2685,2030,1521,670,124,5
경기도 용인시 기흥구 동백1동,4146357200,32731,3145,5600,3647,3172,7640,4991,2268,1493,684,89,2,15715,1543,2820,1834,1438,3570,2648,977,596,259,30,0,17016,1602,2780,1813,1734,4070,2343,1291,897,425,59,2
경기도 용인시 기흥구 동백2동,4146357500,27300,2464,4610,3265,2259,6045,4562,2145,1277,589,82,2,13395,1275,2391,1681,969,2750,2469,1000,569,265,25,1,13905,1189,2219,1584,1290,3295,2093,1145,708,324,57,1
경기도 용인시 기흥구 동백3동,4146357700,26391,3185,3354,2504,3546,5501,3214,2316,1782,884,104,1,12850,1660,1702,1251,1625,2718,1615,1029,802,409,38,1,13541,1525,1652,1253,1921,2783,1599,1287,980,475,66,0
경기도 용인시 기흥구 상하동,4146358600,24525,1779,2719,3374,2661,4124,4613,2910,1537,708,94,6,11944,939,1401,1756,1285,1967,2255,1374,683,264,20,0,12581,840,1318,1618,1376,2157,2358,1536,854,444,74,6
경기도 용인시 기흥구 보정동,4146359000,36249,3114,4529,4229,3918,7177,5521,3606,2733,1237,179,6,17783,1626,2331,2186,1814,3385,2831,1713,1251,590,56,0,18466,1488,2198,2043,2104,3792,2690,1893,1482,647,123,6
경기도 용인시 수지구 ,4146500000,375794,35016,45249,46207,50113,71534,57385,35421,23222,10169,1430,48,183088,17824,22937,23230,23859,34146,29010,16592,10455,4612,419,4,192706,17192,22312,22977,26254,37388,28375,18829,12767,5557,1011,44
경기도 용인시 수지구 풍덕천1동,4146551000,36232,2602,3539,5191,6273,5840,5494,3823,2253,1057,151,9,18059,1342,1820,2650,3400,2841,2737,1801,995,429,44,0,18173,1260,1719,2541,2873,2999,2757,2022,1258,628,107,9
경기도 용인시 수지구 풍덕천2동,4146552000,41036,4410,5672,4883,5892,8802,5949,2598,1709,1002,117,2,20207,2254,2918,2458,2740,4290,3137,1292,686,397,35,0,20829,2156,2754,2425,3152,4512,2812,1306,1023,605,82,2
경기도 용인시 수지구 신봉동,4146553000,37834,3283,5313,4062,3871,7751,5976,3523,2758,1131,164,2,18318,1636,2722,2089,1763,3563,3077,1639,1223,555,51,0,19516,1647,2591,1973,2108,4188,2899,1884,1535,576,113,2
경기도 용인시 수지구 죽전1동,4146554000,29182,2343,3547,3800,3306,5408,4823,2959,1896,973,122,5,14129,1172,1810,1919,1575,2523,2390,1419,821,458,42,0,15053,1171,1737,1881,1731,2885,2433,1540,1075,515,80,5
경기도 용인시 수지구 죽전2동,4146555000,18408,1426,1527,2839,3225,2961,2922,1845,1056,507,97,3,9120,748,797,1443,1652,1457,1418,878,489,204,34,0,9288,678,730,1396,1573,1504,1504,967,567,303,63,3
경기도 용인시 수지구 죽전3동,4146555500,27107,2270,3283,4082,3475,5025,4202,2508,1470,692,96,4,13012,1140,1623,2010,1631,2438,2080,1155,630,276,29,0,14095,1130,1660,2072,1844,2587,2122,1353,840,416,67,4
경기도 용인시 수지구 동천동,4146556000,49710,5552,5402,5578,7545,9620,7306,4939,2625,982,156,5,24462,2871,2758,2816,3516,4742,3706,2354,1233,430,35,1,25248,2681,2644,2762,4029,4878,3600,2585,1392,552,121,4
경기도 용인시 수지구 상현1동,4146557000,20431,1987,2815,2244,2401,3955,3107,1839,1387,594,99,3,9775,993,1375,1123,1083,1839,1592,852,608,290,19,1,10656,994,1440,1121,1318,2116,1515,987,779,304,80,2
경기도 용인시 수지구 상현2동,4146558000,33314,3143,4165,3748,4034,6367,5173,3137,2375,1034,134,4,16183,1615,2144,1897,1895,3026,2585,1418,1074,487,41,1,17131,1528,2021,1851,2139,3341,2588,1719,1301,547,93,3
경기도 용인시 수지구 상현3동,4146558500,27933,2608,3319,4008,4168,5253,4139,2400,1371,587,77,3,13511,1289,1690,1903,2006,2519,2079,1111,625,267,21,1,14422,1319,1629,2105,2162,2734,2060,1289,746,320,56,2
경기도 용인시 수지구 성복동,4146559000,54607,5392,6667,5772,5923,10552,8294,5850,4322,1610,217,8,26312,2764,3280,2922,2598,4908,4209,2673,2071,819,68,0,28295,2628,3387,2850,3325,5644,4085,3177,2251,791,149,8
경기도 파주시 ,4148000000,481629,43450,50154,59328,68389,82572,76693,54594,28850,15312,2217,70,244290,22157,25695,31863,35997,42327,40053,27289,12752,5596,546,15,237339,21293,24459,27465,32392,40245,36640,27305,16098,9716,1671,55
경기도 파주시 문산읍,4148025000,48440,4646,4865,5619,7480,7546,7068,5686,3383,1902,237,8,24838,2340,2505,3163,4113,4049,3692,2771,1469,655,78,3,23602,2306,2360,2456,3367,3497,3376,2915,1914,1247,159,5
경기도 파주시 파주읍,4148025300,13656,599,846,1569,1399,1745,2599,2522,1365,869,139,4,7266,319,424,957,789,1006,1476,1342,615,301,35,2,6390,280,422,612,610,739,1123,1180,750,568,104,2
경기도 파주시 법원읍,4148025600,10435,306,660,1288,875,1104,2028,2144,1232,694,103,1,5579,160,353,810,501,638,1116,1147,578,242,34,0,4856,146,307,478,374,466,912,997,654,452,69,1
경기도 파주시 조리읍,4148026200,29745,1617,2708,3582,2887,4352,5864,4814,2428,1314,168,11,15118,830,1355,1947,1570,2251,3059,2444,1106,511,42,3,14627,787,1353,1635,1317,2101,2805,2370,1322,803,126,8
경기도 파주시 월롱면,4148031000,9579,154,261,2547,2003,1041,1354,1230,588,341,59,1,6427,73,147,1846,1624,772,853,697,287,111,16,1,3152,81,114,701,379,269,501,533,301,230,43,0
경기도 파주시 탄현면,4148032000,13448,617,958,1519,1474,2054,2650,2208,1135,716,109,8,7289,324,495,891,883,1152,1505,1206,541,271,21,0,6159,293,463,628,591,902,1145,1002,594,445,88,8
경기도 파주시 광탄면,4148035000,11289,434,608,1213,1001,1262,2298,2364,1227,734,143,5,6171,224,330,760,605,745,1301,1319,599,258,29,1,5118,210,278,453,396,517,997,1045,628,476,114,4
경기도 파주시 파평면,4148036000,3867,80,178,443,231,338,727,859,565,368,76,2,2054,47,96,292,141,196,423,439,270,137,12,1,1813,33,82,151,90,142,304,420,295,231,64,1
경기도 파주시 적성면,4148037000,7456,540,509,970,880,788,1125,1308,855,406,70,5,4065,270,295,637,509,449,614,710,402,161,18,0,3391,270,214,333,371,339,511,598,453,245,52,5
경기도 파주시 장단면,4148039000,723,26,43,56,56,80,142,135,115,61,9,0,375,13,18,29,28,48,79,76,51,28,5,0,348,13,25,27,28,32,63,59,64,33,4,0
경기도 파주시 금촌1동,4148051000,22190,1028,1445,3436,2898,3154,4164,3313,1740,878,131,3,11862,533,763,1963,1722,1752,2324,1702,757,311,35,0,10328,495,682,1473,1176,1402,1840,1611,983,567,96,3
경기도 파주시 금촌2동,4148052000,32788,3025,4194,4121,4254,5866,5348,3165,1776,916,122,1,15984,1540,2165,2072,2130,2804,2721,1464,737,330,21,0,16804,1485,2029,2049,2124,3062,2627,1701,1039,586,101,1
경기도 파주시 금촌3동,4148053000,27702,2150,2716,3855,3558,4329,4933,3397,1730,900,133,1,14206,1075,1440,2120,1915,2239,2544,1694,796,353,29,1,13496,1075,1276,1735,1643,2090,2389,1703,934,547,104,0
경기도 파주시 교하동,4148054000,49942,5041,5927,5959,7426,9255,7869,4744,2331,1194,192,4,25193,2565,3095,3110,3798,4603,4145,2401,1019,425,32,0,24749,2476,2832,2849,3628,4652,3724,2343,1312,769,160,4
경기도 파주시 운정1동,4148055000,51360,5041,6267,6437,7515,9781,7862,4873,2317,1107,154,6,25155,2570,3106,3144,3729,4821,3918,2387,1021,424,35,0,26205,2471,3161,3293,3786,4960,3944,2486,1296,683,119,6
경기도 파주시 운정2동,4148056000,62715,8539,7813,6294,11009,12674,7951,4602,2501,1162,166,4,30578,4363,3917,3013,5402,6323,3995,2075,1014,428,46,2,32137,4176,3896,3281,5607,6351,3956,2527,1487,734,120,2
경기도 파주시 운정3동,4148057000,86294,9607,10156,10420,13443,17203,12711,7230,3562,1750,206,6,42130,4911,5191,5109,6538,8479,6288,3415,1490,650,58,1,44164,4696,4965,5311,6905,8724,6423,3815,2072,1100,148,5
경기도 이천시 ,4150000000,223831,18027,22736,31493,30945,35029,35635,28633,13180,7136,983,34,116100,9301,11814,17947,16682,18168,18550,14691,6090,2619,230,8,107731,8726,10922,13546,14263,16861,17085,13942,7090,4517,753,26
경기도 이천시 장호원읍,4150025000,14552,906,1310,1516,1449,2003,2386,2638,1389,841,111,3,7398,453,697,894,779,1035,1245,1312,646,310,27,0,7154,453,613,622,670,968,1141,1326,743,531,84,3
경기도 이천시 부발읍,4150025300,36123,3020,4388,5235,5006,6577,5617,3715,1631,836,95,3,19067,1551,2260,3164,2667,3367,3035,1936,760,306,21,0,17056,1469,2128,2071,2339,3210,2582,1779,871,530,74,3
경기도 이천시 신둔면,4150031000,13984,1036,1027,1639,1813,1962,2611,2276,1033,504,79,4,7314,525,563,869,983,1085,1364,1215,497,196,16,1,6670,511,464,770,830,877,1247,1061,536,308,63,3
경기도 이천시 백사면,4150032000,11399,746,850,1340,1269,1600,2155,1904,901,539,92,3,5819,390,453,748,644,850,1083,1001,406,220,24,0,5580,356,397,592,625,750,1072,903,495,319,68,3
경기도 이천시 호법면,4150033000,6211,288,647,747,669,692,1094,1133,566,326,48,1,3345,145,365,424,403,400,640,583,260,114,11,0,2866,143,282,323,266,292,454,550,306,212,37,1
경기도 이천시 마장면,4150034000,15633,1565,1489,2393,2800,2150,2098,1737,876,452,70,3,8548,825,761,1471,1601,1225,1141,914,426,165,17,2,7085,740,728,922,1199,925,957,823,450,287,53,1
경기도 이천시 대월면,4150035000,14615,1100,1179,2717,2482,2142,1934,1693,850,450,67,1,7458,555,601,1354,1322,1191,1018,854,396,151,16,0,7157,545,578,1363,1160,951,916,839,454,299,51,1
경기도 이천시 모가면,4150036000,4406,129,248,368,350,477,822,1027,566,372,47,0,2359,72,151,224,214,271,457,543,272,142,13,0,2047,57,97,144,136,206,365,484,294,230,34,0
경기도 이천시 설성면,4150037000,4728,149,215,407,352,492,847,1097,666,431,65,7,2503,74,106,248,222,294,483,582,320,157,15,2,2225,75,109,159,130,198,364,515,346,274,50,5
경기도 이천시 율면,4150038000,2659,57,119,171,151,224,424,715,408,343,45,2,1378,35,64,102,92,142,223,382,194,134,9,1,1281,22,55,69,59,82,201,333,214,209,36,1
경기도 이천시 창전동,4150051000,16944,865,1477,2783,2183,2475,2844,2575,1155,520,67,0,8473,450,741,1517,1256,1237,1352,1187,535,179,19,0,8471,415,736,1266,927,1238,1492,1388,620,341,48,0
경기도 이천시 증포동,4150051500,57330,6750,8151,7442,8679,10968,8578,4401,1506,751,104,0,28592,3484,4231,3908,4173,5292,4338,2274,627,245,20,0,28738,3266,3920,3534,4506,5676,4240,2127,879,506,84,0
경기도 이천시 중리동,4150052000,15016,882,881,3220,2457,1833,2263,2062,904,450,59,5,8608,460,463,2246,1585,1015,1171,1046,423,183,14,2,6408,422,418,974,872,818,1092,1016,481,267,45,3
경기도 이천시 관고동,4150053000,10231,534,755,1515,1285,1434,1962,1660,729,321,34,2,5238,282,358,778,741,764,1000,862,328,117,8,0,4993,252,397,737,544,670,962,798,401,204,26,2
경기도 안성시 ,4155000000,189559,13193,17836,23178,22770,30121,31942,27686,13832,7854,1114,33,97874,6808,9254,12845,12471,16118,16940,14017,6362,2819,235,5,91685,6385,8582,10333,10299,14003,15002,13669,7470,5035,879,28
경기도 안성시 공도읍,4155025000,60180,5558,7522,7065,8195,12031,9261,5940,2980,1434,187,7,30374,2842,3872,3811,4242,6134,4819,2816,1317,482,37,2,29806,2716,3650,3254,3953,5897,4442,3124,1663,952,150,5
경기도 안성시 보개면,4155031000,5362,164,291,496,405,523,1002,1258,693,455,73,2,2839,88,173,293,246,307,550,687,321,161,13,0,2523,76,118,203,159,216,452,571,372,294,60,2
경기도 안성시 금광면,4155032000,7337,358,607,728,610,967,1334,1496,693,472,70,2,3657,192,304,406,319,506,704,749,290,173,13,1,3680,166,303,322,291,461,630,747,403,299,57,1
경기도 안성시 서운면,4155033000,3314,79,138,278,232,338,652,786,443,325,42,1,1757,45,74,172,139,206,371,409,212,117,12,0,1557,34,64,106,93,132,281,377,231,208,30,1
경기도 안성시 미양면,4155034000,5887,192,264,553,531,720,1092,1304,703,459,66,3,3228,96,145,349,342,438,606,730,339,168,14,1,2659,96,119,204,189,282,486,574,364,291,52,2
경기도 안성시 대덕면,4155035000,15443,1251,1085,2134,2472,2634,2373,2054,903,472,64,1,8675,679,561,1227,1489,1593,1385,1091,449,190,11,0,6768,572,524,907,983,1041,988,963,454,282,53,1
경기도 안성시 양성면,4155036000,5255,134,264,441,377,544,1016,1272,643,455,104,5,2739,73,127,252,217,322,575,688,305,159,21,0,2516,61,137,189,160,222,441,584,338,296,83,5
경기도 안성시 원곡면,4155038000,6506,374,382,777,952,928,1223,1082,493,252,43,0,3658,212,213,472,584,571,665,592,247,86,16,0,2848,162,169,305,368,357,558,490,246,166,27,0
경기도 안성시 일죽면,4155039000,7540,263,432,656,590,809,1315,1810,981,584,95,5,3952,135,236,372,353,489,715,921,493,218,19,1,3588,128,196,284,237,320,600,889,488,366,76,4
경기도 안성시 죽산면,4155040000,6990,218,461,702,519,755,1403,1547,806,521,56,2,3732,110,242,391,330,442,810,830,369,194,14,0,3258,108,219,311,189,313,593,717,437,327,42,2
경기도 안성시 삼죽면,4155041000,3666,72,239,462,268,332,670,811,472,306,33,1,1889,33,104,239,172,206,363,425,227,115,5,0,1777,39,135,223,96,126,307,386,245,191,28,1
경기도 안성시 고삼면,4155042000,1940,46,80,194,136,174,370,495,243,170,30,2,1012,23,44,114,82,103,196,257,120,69,4,0,928,23,36,80,54,71,174,238,123,101,26,2
경기도 안성시 안성1동,4155051000,12377,670,1006,1570,1319,1681,2219,2078,1112,624,97,1,6200,321,506,860,708,886,1143,1013,501,243,19,0,6177,349,500,710,611,795,1076,1065,611,381,78,1
경기도 안성시 안성2동,4155052000,25276,2066,2595,3858,3504,4189,4045,2979,1326,638,76,0,12853,1074,1352,2076,1859,2183,2053,1456,579,202,19,0,12423,992,1243,1782,1645,2006,1992,1523,747,436,57,0
경기도 안성시 안성3동,4155053000,22486,1748,2470,3264,2660,3496,3967,2774,1341,687,78,1,11309,885,1301,1811,1389,1732,1985,1353,593,242,18,0,11177,863,1169,1453,1271,1764,1982,1421,748,445,60,1
경기도 김포시 ,4157000000,486123,53873,49842,52537,75375,92066,69137,53616,26549,11379,1695,54,243279,27461,25407,27060,36965,47781,35346,26093,12412,4340,399,15,242844,26412,24435,25477,38410,44285,33791,27523,14137,7039,1296,39
경기도 김포시 통진읍,4157025000,28987,1760,2372,3529,3214,4246,5501,4823,2230,1128,176,8,15507,902,1288,2107,1807,2374,3018,2539,1020,405,45,2,13480,858,1084,1422,1407,1872,2483,2284,1210,723,131,6
경기도 김포시 고촌읍,4157025300,48020,6392,4686,4319,8479,9468,6073,5349,2258,843,148,5,23950,3331,2430,2154,4033,4887,3050,2556,1145,331,32,1,24070,3061,2256,2165,4446,4581,3023,2793,1113,512,116,4
경기도 김포시 양촌읍,4157025600,29137,2245,2530,2898,3862,4854,4965,4497,2135,991,153,7,15374,1133,1314,1599,2136,2743,2722,2314,1015,366,30,2,13763,1112,1216,1299,1726,2111,2243,2183,1120,625,123,5
경기도 김포시 대곶면,4157034000,9844,297,521,917,859,1213,2161,2180,1042,555,96,3,5778,158,289,575,549,765,1391,1278,528,225,19,1,4066,139,232,342,310,448,770,902,514,330,77,2
경기도 김포시 월곶면,4157035000,5452,127,227,499,406,583,1117,1337,700,374,78,4,2997,59,100,310,240,363,650,740,377,142,16,0,2455,68,127,189,166,220,467,597,323,232,62,4
경기도 김포시 하성면,4157036000,8228,249,435,793,694,864,1637,1869,1026,568,88,5,4477,121,247,490,402,539,935,1013,483,223,23,1,3751,128,188,303,292,325,702,856,543,345,65,4
경기도 김포시 김포본동,4157051500,61044,5831,6344,7590,8110,10604,10325,7031,3377,1610,217,5,30015,2928,3229,4028,3917,5204,5060,3499,1491,597,59,3,31029,2903,3115,3562,4193,5400,5265,3532,1886,1013,158,2
경기도 김포시 장기본동,4157052500,38930,4572,5608,3932,5290,8378,5237,3324,1795,696,97,1,18974,2284,2840,1976,2457,4140,2634,1508,837,271,26,1,19956,2288,2768,1956,2833,4238,2603,1816,958,425,71,0
경기도 김포시 사우동,4157054000,22659,1482,2034,3099,2795,3700,4202,3009,1537,705,92,4,11353,795,1057,1651,1463,1872,2077,1470,695,254,19,0,11306,687,977,1448,1332,1828,2125,1539,842,451,73,4
경기도 김포시 풍무동,4157055000,61748,6335,7017,7640,8917,11604,9112,6225,3311,1395,186,6,30103,3234,3602,3681,4244,5747,4495,2914,1572,562,50,2,31645,3101,3415,3959,4673,5857,4617,3311,1739,833,136,4
경기도 김포시 장기동,4157056000,41329,5366,5218,3941,6333,9265,5049,3474,1871,710,100,2,20185,2710,2575,1988,2980,4698,2555,1567,830,266,15,1,21144,2656,2643,1953,3353,4567,2494,1907,1041,444,85,1
경기도 김포시 구래동,4157057000,45064,6439,4093,5860,10201,8847,4322,3213,1504,510,72,3,22429,3249,1994,2841,5132,4736,2131,1458,686,185,16,1,22635,3190,2099,3019,5069,4111,2191,1755,818,325,56,2
경기도 김포시 마산동,4157057500,35839,5513,3227,3043,7613,7235,3584,3183,1775,579,86,1,17783,2869,1602,1499,3737,3899,1726,1396,814,217,24,0,18056,2644,1625,1544,3876,3336,1858,1787,961,362,62,1
경기도 김포시 운양동,4157058000,49842,7265,5530,4477,8602,11205,5852,4102,1988,715,106,0,24354,3688,2840,2161,3868,5814,2902,1841,919,296,25,0,25488,3577,2690,2316,4734,5391,2950,2261,1069,419,81,0
경기도 화성시 ,4159000000,884225,101557,100678,108910,151040,170968,122098,78061,33044,15598,2204,67,459514,51813,51364,59216,79162,90798,65602,39920,15515,5653,457,14,424711,49744,49314,49694,71878,80170,56496,38141,17529,9945,1747,53
경기도 화성시 봉담읍,4159025300,84647,8162,10075,10673,11832,16201,13058,8844,3915,1642,231,14,42992,4058,5046,5628,6085,8382,6906,4399,1858,578,49,3,41655,4104,5029,5045,5747,7819,6152,4445,2057,1064,182,11
경기도 화성시 우정읍,4159025600,17480,827,1440,1764,1584,2712,3508,3035,1604,883,121,2,9560,448,747,1061,970,1613,2022,1595,760,312,32,0,7920,379,693,703,614,1099,1486,1440,844,571,89,2
경기도 화성시 향남읍,4159025900,87980,10185,10405,10618,15346,18032,11537,7124,3033,1505,188,7,47242,5281,5319,5906,8628,10086,6461,3620,1380,520,38,3,40738,4904,5086,4712,6718,7946,5076,3504,1653,985,150,4
경기도 화성시 남양읍,4159026200,43208,4041,3693,5860,7334,7090,6701,5199,2125,991,169,5,23602,2086,1896,3448,4302,4034,3671,2712,1048,372,33,0,19606,1955,1797,2412,3032,3056,3030,2487,1077,619,136,5
경기도 화성시 매송면,4159031000,6949,233,447,783,607,874,1450,1408,708,393,46,0,3685,122,246,452,350,497,801,742,321,142,12,0,3264,111,201,331,257,377,649,666,387,251,34,0
경기도 화성시 비봉면,4159032000,6355,218,329,692,596,752,1221,1359,688,414,86,0,3614,133,176,413,367,469,728,797,352,162,17,0,2741,85,153,279,229,283,493,562,336,252,69,0
경기도 화성시 마도면,4159033000,7041,234,390,749,793,978,1461,1308,688,379,58,3,4219,130,214,498,546,670,909,747,346,149,10,0,2822,104,176,251,247,308,552,561,342,230,48,3
경기도 화성시 송산면,4159034000,11033,422,773,1009,917,1398,2127,2264,1227,754,135,7,5991,214,414,600,566,810,1213,1247,596,298,33,0,5042,208,359,409,351,588,914,1017,631,456,102,7
경기도 화성시 서신면,4159035000,7264,179,291,552,534,806,1564,1828,861,559,87,3,4022,87,158,356,321,508,912,1003,441,212,24,0,3242,92,133,196,213,298,652,825,420,347,63,3
경기도 화성시 팔탄면,4159036000,10108,307,464,986,1046,1442,2316,2088,852,525,79,3,6106,155,246,675,702,960,1512,1216,433,188,18,1,4002,152,218,311,344,482,804,872,419,337,61,2
경기도 화성시 장안면,4159037000,10314,354,563,1046,890,1287,2132,2193,1098,684,67,0,5973,192,311,646,582,849,1338,1248,526,261,20,0,4341,162,252,400,308,438,794,945,572,423,47,0
경기도 화성시 양감면,4159040000,4023,84,158,406,402,465,887,917,399,266,38,1,2486,55,79,287,281,331,585,556,210,95,7,0,1537,29,79,119,121,134,302,361,189,171,31,1
경기도 화성시 정남면,4159041000,11462,372,714,1325,1202,1544,2431,2173,999,605,94,3,6657,189,389,810,819,987,1505,1236,485,220,17,0,4805,183,325,515,383,557,926,937,514,385,77,3
경기도 화성시 새솔동,4159051500,24537,4388,2524,2498,5172,4877,3084,1513,302,155,23,1,12297,2145,1234,1284,2566,2548,1512,805,151,48,4,0,12240,2243,1290,1214,2606,2329,1572,708,151,107,19,1
경기도 화성시 진안동,4159052000,43750,4049,3840,7247,8545,7845,6099,3802,1553,683,85,2,23745,2048,1982,4296,4902,4410,3241,1897,692,256,20,1,20005,2001,1858,2951,3643,3435,2858,1905,861,427,65,1
경기도 화성시 병점1동,4159053000,36105,3805,3662,6037,6425,6313,4957,2983,1322,524,75,2,18604,1994,1883,3371,3397,3238,2487,1439,569,215,9,2,17501,1811,1779,2666,3028,3075,2470,1544,753,309,66,0
경기도 화성시 병점2동,4159054000,23956,2174,3901,3014,2834,5162,3481,1849,1029,457,54,1,11687,1097,1959,1563,1396,2466,1791,836,412,160,7,0,12269,1077,1942,1451,1438,2696,1690,1013,617,297,47,1
경기도 화성시 반월동,4159055000,31964,3997,4067,3980,5488,6078,4495,2729,751,335,44,0,16138,2017,2102,2096,2727,3134,2173,1400,375,107,7,0,15826,1980,1965,1884,2761,2944,2322,1329,376,228,37,0
경기도 화성시 기배동,4159056000,13536,1174,1780,1709,1462,2591,2324,1469,719,274,34,0,6911,603,905,940,766,1310,1223,717,334,108,5,0,6625,571,875,769,696,1281,1101,752,385,166,29,0
경기도 화성시 화산동,4159057000,23000,1645,2141,3120,2850,3902,4152,3181,1336,594,79,0,12173,858,1117,1788,1614,2144,2173,1620,636,210,13,0,10827,787,1024,1332,1236,1758,1979,1561,700,384,66,0
경기도 화성시 동탄1동,4159058500,51030,5867,6837,8152,9317,10077,6762,2577,983,412,44,2,26305,2957,3485,4387,4831,5001,3681,1325,468,160,10,0,24725,2910,3352,3765,4486,5076,3081,1252,515,252,34,2
경기도 화성시 동탄2동,4159058600,35244,3883,6567,3733,3879,8520,4994,2185,1026,419,37,1,17349,1993,3291,1908,1749,4116,2641,1049,431,166,4,1,17895,1890,3276,1825,2130,4404,2353,1136,595,253,33,0
경기도 화성시 동탄3동,4159058700,41950,5388,5353,6383,8016,8494,4427,2216,1173,443,56,1,21642,2762,2794,3512,4246,4333,2320,985,492,181,17,0,20308,2626,2559,2871,3770,4161,2107,1231,681,262,39,1
경기도 화성시 동탄4동,4159058800,52778,8363,9269,4286,8245,13463,5928,2170,731,273,49,1,26230,4235,4664,2166,3570,6811,3259,1114,322,83,5,1,26548,4128,4605,2120,4675,6652,2669,1056,409,190,44,0
경기도 화성시 동탄5동,4159059000,44344,6177,4441,5368,10692,8651,4579,2813,1118,434,68,3,22316,3180,2261,2627,5425,4526,2331,1297,511,143,15,0,22028,2997,2180,2741,5267,4125,2248,1516,607,291,53,3
경기도 화성시 동탄6동,4159060000,37219,5192,3822,5380,8321,7263,4264,1982,693,260,40,2,19234,2657,1966,2722,4375,3846,2265,992,323,80,8,0,17985,2535,1856,2658,3946,3417,1999,990,370,180,32,2
경기도 화성시 동탄7동,4159061000,85898,14201,9868,8622,18576,18138,9273,5032,1577,521,87,3,43084,7249,5037,4350,9023,9480,4553,2441,776,156,17,2,42814,6952,4831,4272,9553,8658,4720,2591,801,365,70,1
경기도 화성시 동탄8동,4159062000,31050,5636,2864,2918,8135,6013,2886,1820,534,214,30,0,15650,2868,1443,1426,4056,3239,1389,885,267,71,6,0,15400,2768,1421,1492,4079,2774,1497,935,267,143,24,0
경기도 화성시동부출장소 ,4159200000,0,0,0,0,0,0,0,0,0,0,0,0,0,0,0,0,0,0,0,0,0,0,0,0,0,0,0,0,0,0,0,0,0,0,0,0
경기도 화성시동탄출장소 ,4159400000,0,0,0,0,0,0,0,0,0,0,0,0,0,0,0,0,0,0,0,0,0,0,0,0,0,0,0,0,0,0,0,0,0,0,0,0
경기도 광주시 ,4161000000,386573,33292,34078,44945,55678,67685,65143,52373,22847,9177,1306,49,197285,17043,17385,23908,28883,35756,33322,26138,11044,3523,273,10,189288,16249,16693,21037,26795,31929,31821,26235,11803,5654,1033,39
경기도 광주시 오포읍,4161025000,113432,10737,8994,13227,19118,20631,17752,14049,6201,2359,352,12,57279,5537,4605,6935,9865,11034,8651,6760,2911,899,78,4,56153,5200,4389,6292,9253,9597,9101,7289,3290,1460,274,8
경기도 광주시 초월읍,4161025300,46929,3597,4824,5573,6174,8182,8184,6282,2741,1211,155,6,24372,1886,2441,2948,3248,4338,4417,3282,1325,456,29,2,22557,1711,2383,2625,2926,3844,3767,3000,1416,755,126,4
경기도 광주시 곤지암읍,4161025900,23280,1339,1784,2854,2749,3516,4602,3797,1661,859,116,3,12370,690,947,1570,1514,1911,2540,2025,825,320,28,0,10910,649,837,1284,1235,1605,2062,1772,836,539,88,3
경기도 광주시 도척면,4161033000,9588,435,629,1013,1021,1314,1912,1890,860,440,70,4,5268,223,333,585,594,784,1077,1041,453,161,16,1,4320,212,296,428,427,530,835,849,407,279,54,3
경기도 광주시 퇴촌면,4161034000,15817,1033,1276,1227,1460,2530,2704,3140,1662,670,111,4,8040,516,689,667,769,1366,1396,1519,823,265,28,2,7777,517,587,560,691,1164,1308,1621,839,405,83,2
경기도 광주시 남종면,4161035000,1497,27,62,107,99,134,259,422,223,139,25,0,789,16,31,58,55,74,151,229,109,59,7,0,708,11,31,49,44,60,108,193,114,80,18,0
경기도 광주시 남한산성면,4161037000,2511,141,176,173,208,329,456,541,288,169,28,2,1322,71,95,92,98,185,257,295,146,76,6,1,1189,70,81,81,110,144,199,246,142,93,22,1
경기도 광주시 경안동,4161051000,26064,2065,2256,3498,3753,4269,4500,3458,1540,640,84,1,13441,1081,1157,1897,1992,2237,2387,1746,707,230,7,0,12623,984,1099,1601,1761,2032,2113,1712,833,410,77,1
경기도 광주시 송정동,4161052000,22192,1538,2025,2768,2889,3693,4037,3245,1407,510,77,3,11171,747,972,1484,1543,1908,2045,1602,674,179,17,0,11021,791,1053,1284,1346,1785,1992,1643,733,331,60,3
경기도 광주시 쌍령동,4161054000,18396,1890,1607,2312,2808,3212,3091,2240,892,297,43,4,9178,973,778,1196,1420,1649,1492,1112,416,133,9,0,9218,917,829,1116,1388,1563,1599,1128,476,164,34,4
경기도 광주시 탄벌동,4161055000,39276,2871,3593,5032,5055,6797,7426,5501,2138,775,83,5,19947,1433,1810,2688,2716,3481,3710,2741,1048,298,22,0,19329,1438,1783,2344,2339,3316,3716,2760,1090,477,61,5
경기도 광주시 광남1동,4161056000,33603,2501,2679,4254,4635,5666,6057,5000,2005,702,101,3,17270,1304,1399,2280,2407,3045,3067,2480,996,275,17,0,16333,1197,1280,1974,2228,2621,2990,2520,1009,427,84,3
경기도 광주시 광남2동,4161057000,33988,5118,4173,2907,5709,7412,4163,2808,1229,406,61,2,16838,2566,2128,1508,2662,3744,2132,1306,611,172,9,0,17150,2552,2045,1399,3047,3668,2031,1502,618,234,52,2
경기도 양주시 ,4163000000,236302,19736,24283,27738,28193,39862,39489,31459,16549,7838,1119,36,119796,10064,12362,14901,14553,20525,20685,15773,7725,2964,235,9,116506,9672,11921,12837,13640,19337,18804,15686,8824,4874,884,27
경기도 양주시 백석읍,4163025000,26328,1256,2426,3228,2280,3781,5176,4564,2273,1173,167,4,13319,604,1262,1759,1234,1927,2704,2320,1066,416,27,0,13009,652,1164,1469,1046,1854,2472,2244,1207,757,140,4
경기도 양주시 은현면,4163031000,5826,143,292,644,448,631,1213,1407,660,334,54,0,3312,70,160,384,294,396,737,794,345,121,11,0,2514,73,132,260,154,235,476,613,315,213,43,0
경기도 양주시 남면,4163032000,6989,388,405,795,780,811,1198,1466,690,378,77,1,3894,190,192,525,469,497,695,828,340,140,18,0,3095,198,213,270,311,314,503,638,350,238,59,1
경기도 양주시 광적면,4163033000,11885,599,836,1248,1129,1606,2466,2312,1046,561,81,1,6433,303,458,737,638,925,1368,1261,511,214,18,0,5452,296,378,511,491,681,1098,1051,535,347,63,1
경기도 양주시 장흥면,4163034000,10837,498,491,1146,1096,1181,1865,2337,1341,710,169,3,5562,270,270,701,598,646,950,1138,673,282,32,2,5275,228,221,445,498,535,915,1199,668,428,137,1
경기도 양주시 양주1동,4163051000,5252,206,261,538,435,594,1006,1128,675,361,47,1,2763,105,145,307,244,332,533,641,306,142,8,0,2489,101,116,231,191,262,473,487,369,219,39,1
경기도 양주시 양주2동,4163052000,50061,4423,6939,5501,5008,9976,7777,5483,3368,1404,175,7,24511,2220,3532,2779,2457,4907,4037,2461,1524,548,46,0,25550,2203,3407,2722,2551,5069,3740,3022,1844,856,129,7
경기도 양주시 회천1동,4163053000,9740,662,703,1502,1234,1297,1770,1446,732,345,43,6,5133,338,377,848,691,690,952,749,342,138,6,2,4607,324,326,654,543,607,818,697,390,207,37,4
경기도 양주시 회천2동,4163054000,27292,1862,2617,3396,2909,4223,5434,4013,1905,838,95,0,13817,967,1346,1804,1540,2161,2793,2034,845,308,19,0,13475,895,1271,1592,1369,2062,2641,1979,1060,530,76,0
경기도 양주시 회천3동,4163055000,27354,2160,3323,3893,2982,4822,4791,2689,1619,959,109,7,13566,1119,1695,2043,1506,2367,2456,1316,650,378,31,5,13788,1041,1628,1850,1476,2455,2335,1373,969,581,78,2
경기도 양주시 회천4동,4163056000,54738,7539,5990,5847,9892,10940,6793,4614,2240,775,102,6,27486,3878,2925,3014,4882,5677,3460,2231,1123,277,19,0,27252,3661,3065,2833,5010,5263,3333,2383,1117,498,83,6
경기도 포천시 ,4165000000,148738,8113,11810,18053,14610,19779,29242,26849,12315,6922,1008,37,78786,4165,6187,10450,8194,10638,16069,14560,5760,2503,248,12,69952,3948,5623,7603,6416,9141,13173,12289,6555,4419,760,25
경기도 포천시 소흘읍,4165025000,45505,2833,4895,6068,4455,7091,9308,6621,2618,1403,203,10,23198,1446,2564,3245,2292,3536,4902,3475,1206,492,38,2,22307,1387,2331,2823,2163,3555,4406,3146,1412,911,165,8
경기도 포천시 군내면,4165031000,8677,568,561,941,1091,1110,1585,1623,718,410,69,1,4646,285,287,542,610,618,872,910,366,142,14,0,4031,283,274,399,481,492,713,713,352,268,55,1
경기도 포천시 내촌면,4165032000,4580,94,182,432,343,497,1108,1115,486,283,40,0,2658,56,98,274,216,319,663,666,235,120,11,0,1922,38,84,158,127,178,445,449,251,163,29,0
경기도 포천시 가산면,4165033000,7609,196,377,745,623,813,1825,1784,707,464,73,2,4466,95,199,439,390,538,1139,1090,373,187,15,1,3143,101,178,306,233,275,686,694,334,277,58,1
경기도 포천시 신북면,4165034000,12417,598,908,1438,1195,1576,2445,2535,1048,571,98,5,6844,318,499,875,709,854,1430,1413,502,216,27,1,5573,280,409,563,486,722,1015,1122,546,355,71,4
경기도 포천시 창수면,4165035000,2115,42,60,172,118,186,363,608,332,213,21,0,1183,27,37,118,80,110,216,339,160,88,8,0,932,15,23,54,38,76,147,269,172,125,13,0
경기도 포천시 영중면,4165036000,4764,159,229,400,289,475,950,1180,657,373,50,2,2585,82,121,236,176,296,558,662,303,132,18,1,2179,77,108,164,113,179,392,518,354,241,32,1
경기도 포천시 일동면,4165037000,9426,455,673,934,862,1176,1555,1970,1063,617,117,4,4916,238,359,582,510,673,824,999,495,201,34,1,4510,217,314,352,352,503,731,971,568,416,83,3
경기도 포천시 이동면,4165038000,6267,510,352,859,899,628,847,1114,667,353,37,1,3438,253,171,606,549,371,448,588,311,131,9,1,2829,257,181,253,350,257,399,526,356,222,28,0
경기도 포천시 영북면,4165039000,8215,597,444,957,948,832,1239,1575,940,591,91,1,4438,319,220,672,569,484,706,810,409,221,27,1,3777,278,224,285,379,348,533,765,531,370,64,0
경기도 포천시 관인면,4165040000,2731,48,131,236,122,226,513,702,464,259,29,1,1431,21,58,156,85,137,270,379,215,104,5,1,1300,27,73,80,37,89,243,323,249,155,24,0
경기도 포천시 화현면,4165041000,2714,182,143,297,334,273,431,572,276,180,25,1,1436,88,68,172,184,165,232,321,136,64,6,0,1278,94,75,125,150,108,199,251,140,116,19,1
경기도 포천시 포천동,4165051000,18896,1163,1752,2525,1945,2681,3696,2984,1363,693,90,4,9571,583,940,1372,1048,1313,1918,1546,590,240,20,1,9325,580,812,1153,897,1368,1778,1438,773,453,70,3
경기도 포천시 선단동,4165052000,14822,668,1103,2049,1386,2215,3377,2466,976,512,65,5,7976,354,566,1161,776,1224,1891,1362,459,165,16,2,6846,314,537,888,610,991,1486,1104,517,347,49,3
경기도 여주시 ,4167000000,112199,6885,9449,11992,11137,15767,20050,20168,10165,5669,889,28,57044,3557,4861,6554,5872,8164,10533,10266,4898,2127,206,6,55155,3328,4588,5438,5265,7603,9517,9902,5267,3542,683,22
경기도 여주시 가남읍,4167025000,15342,905,1233,1644,1697,2186,2771,2710,1342,741,109,4,7969,447,641,900,961,1171,1507,1368,662,279,31,2,7373,458,592,744,736,1015,1264,1342,680,462,78,2
경기도 여주시 점동면,4167031000,4778,188,250,452,284,421,865,1175,674,399,67,3,2468,108,139,264,150,236,462,601,349,137,21,1,2310,80,111,188,134,185,403,574,325,262,46,2
경기도 여주시 흥천면,4167032000,5079,170,254,380,349,499,906,1317,717,410,75,2,2663,94,144,213,201,276,503,679,367,167,19,0,2416,76,110,167,148,223,403,638,350,243,56,2
경기도 여주시 금사면,4167033000,2954,84,127,210,186,245,550,814,448,244,46,0,1533,44,57,133,99,138,294,436,224,99,9,0,1421,40,70,77,87,107,256,378,224,145,37,0
경기도 여주시 능서면,4167034000,6271,253,426,518,472,675,1063,1466,798,520,79,1,3233,125,215,289,255,396,593,771,394,180,14,1,3038,128,211,229,217,279,470,695,404,340,65,0
경기도 여주시 대신면,4167035000,6965,197,408,612,425,655,1227,1730,972,634,102,3,3630,94,234,372,241,368,660,927,453,247,34,0,3335,103,174,240,184,287,567,803,519,387,68,3
경기도 여주시 북내면,4167036000,4931,141,347,422,287,562,993,1084,607,422,66,0,2570,79,205,238,156,303,565,579,272,159,14,0,2361,62,142,184,131,259,428,505,335,263,52,0
경기도 여주시 강천면,4167037000,4285,135,261,339,311,460,884,986,554,291,64,0,2213,69,130,200,160,257,489,490,282,125,11,0,2072,66,131,139,151,203,395,496,272,166,53,0
경기도 여주시 산북면,4167038000,2548,106,158,191,171,261,419,640,369,199,33,1,1269,51,72,102,97,138,213,333,173,82,7,1,1279,55,86,89,74,123,206,307,196,117,26,0
경기도 여주시 여흥동,4167051000,21770,1431,1955,2716,2385,3457,3905,3450,1564,793,109,5,10869,752,987,1440,1202,1754,1963,1725,738,287,21,0,10901,679,968,1276,1183,1703,1942,1725,826,506,88,5
경기도 여주시 중앙동,4167052000,18582,1299,2127,2435,1940,3028,3392,2574,1147,555,80,5,9332,670,1089,1306,1017,1481,1776,1254,522,203,14,0,9250,629,1038,1129,923,1547,1616,1320,625,352,66,5
경기도 여주시 오학동,4167053000,18694,1976,1903,2073,2630,3318,3075,2222,973,461,59,4,9295,1024,948,1097,1333,1646,1508,1103,462,162,11,1,9399,952,955,976,1297,1672,1567,1119,511,299,48,3
경기도 연천군 ,4180000000,42739,2555,3044,5125,4096,4734,6951,7973,4849,2968,419,25,22405,1298,1607,3279,2332,2583,3768,4141,2200,1079,109,9,20334,1257,1437,1846,1764,2151,3183,3832,2649,1889,310,16
경기도 연천군 연천읍,4180025000,7685,680,391,1189,1022,754,1023,1175,831,530,85,5,4164,332,225,822,608,427,585,601,349,189,25,1,3521,348,166,367,414,327,438,574,482,341,60,4
경기도 연천군 전곡읍,4180025300,19132,1447,1929,2339,2109,2590,3181,2945,1521,905,159,7,9744,743,979,1343,1139,1318,1667,1505,700,305,42,3,9388,704,950,996,970,1272,1514,1440,821,600,117,4
경기도 연천군 군남면,4180031000,3114,84,154,322,175,268,541,730,479,327,31,3,1660,44,83,220,110,160,305,392,221,115,8,2,1454,40,71,102,65,108,236,338,258,212,23,1
경기도 연천군 청산면,4180032000,3880,119,182,462,252,385,679,906,531,322,40,2,2073,52,105,336,157,230,375,464,230,113,11,0,1807,67,77,126,95,155,304,442,301,209,29,2
경기도 연천군 백학면,4180033000,2575,77,133,214,158,233,492,589,410,249,19,1,1376,40,80,135,95,127,274,314,194,110,7,0,1199,37,53,79,63,106,218,275,216,139,12,1
경기도 연천군 미산면,4180034000,1747,43,64,122,125,133,324,500,241,163,29,3,935,25,36,73,72,85,173,285,106,71,8,1,812,18,28,49,53,48,151,215,135,92,21,2
경기도 연천군 왕징면,4180035000,992,21,43,68,60,75,147,248,204,115,10,1,534,14,29,40,36,50,84,127,100,52,1,1,458,7,14,28,24,25,63,121,104,63,9,0
경기도 연천군 신서면,4180036000,2703,59,102,316,138,221,404,673,485,268,34,3,1435,31,47,237,85,139,225,345,229,89,7,1,1268,28,55,79,53,82,179,328,256,179,27,2
경기도 연천군 중면,4180037000,192,4,10,43,13,16,25,40,24,15,2,0,117,2,6,38,8,9,12,24,13,5,0,0,75,2,4,5,5,7,13,16,11,10,2,0
경기도 연천군 장남면,4180038000,719,21,36,50,44,59,135,167,123,74,10,0,367,15,17,35,22,38,68,84,58,30,0,0,352,6,19,15,22,21,67,83,65,44,10,0
경기도 가평군 ,4182000000,62253,3164,4486,6127,5520,7763,11106,12968,6727,3835,521,36,32147,1586,2336,3565,3022,4191,5889,6708,3205,1493,139,13,30106,1578,2150,2562,2498,3572,5217,6260,3522,2342,382,23
경기도 가평군 가평읍,4182025000,19374,1067,1664,2155,1788,2620,3370,3526,1868,1148,151,17,9882,551,893,1198,937,1405,1792,1777,849,435,40,5,9492,516,771,957,851,1215,1578,1749,1019,713,111,12
경기도 가평군 설악면,4182031000,9642,515,770,878,824,1088,1699,2138,1019,597,112,2,4954,249,374,475,469,561,917,1112,523,240,33,1,4688,266,396,403,355,527,782,1026,496,357,79,1
경기도 가평군 청평면,4182032500,13971,605,948,1274,1129,1863,2661,2890,1602,881,113,5,7143,306,482,737,610,1004,1421,1471,736,344,30,2,6828,299,466,537,519,859,1240,1419,866,537,83,3
경기도 가평군 상면,4182033000,5677,153,262,530,387,564,1115,1478,749,386,52,1,2998,75,147,369,215,315,565,774,374,151,12,1,2679,78,115,161,172,249,550,704,375,235,40,0
경기도 가평군 조종면,4182034500,9707,691,656,1046,1138,1236,1572,1899,939,477,48,5,5171,351,340,639,642,678,819,1045,449,194,12,2,4536,340,316,407,496,558,753,854,490,283,36,3
경기도 가평군 북면,4182035000,3882,133,186,244,254,392,689,1037,550,346,45,6,1999,54,100,147,149,228,375,529,274,129,12,2,1883,79,86,97,105,164,314,508,276,217,33,4
경기도 양평군 ,4183000000,121154,7112,9794,10614,10698,16298,20849,24802,13209,6679,1057,42,60817,3640,5145,5928,5414,8267,10710,12361,6520,2582,243,7,60337,3472,4649,4686,5284,8031,10139,12441,6689,4097,814,35
경기도 양평군 양평읍,4183025000,30901,2144,3198,3584,3139,4752,5344,4878,2451,1236,167,8,15482,1104,1629,1990,1605,2287,2750,2448,1190,434,44,1,15419,1040,1569,1594,1534,2465,2594,2430,1261,802,123,7
경기도 양평군 강상면,4183031000,10513,883,959,823,1147,1677,1647,1903,974,433,63,4,5222,433,512,432,555,828,849,930,496,173,14,0,5291,450,447,391,592,849,798,973,478,260,49,4
경기도 양평군 강하면,4183032000,4844,181,249,337,363,511,876,1326,699,254,45,3,2437,93,146,192,192,257,436,636,372,103,9,1,2407,88,103,145,171,254,440,690,327,151,36,2
경기도 양평군 양서면,4183033000,13924,752,1034,1252,1170,1840,2455,2904,1661,734,117,5,6936,395,536,691,585,940,1209,1412,818,319,29,2,6988,357,498,561,585,900,1246,1492,843,415,88,3
경기도 양평군 옥천면,4183034000,8279,482,581,751,783,1094,1432,1775,894,430,56,1,4211,233,311,445,409,590,732,890,430,156,15,0,4068,249,270,306,374,504,700,885,464,274,41,1
경기도 양평군 서종면,4183035000,9988,627,877,620,847,1508,1745,2199,1060,421,82,2,4961,309,455,352,386,760,884,1057,568,170,20,0,5027,318,422,268,461,748,861,1142,492,251,62,2
경기도 양평군 단월면,4183036000,3898,122,215,245,270,408,686,1039,558,309,45,1,1989,62,113,143,150,220,364,533,278,120,6,0,1909,60,102,102,120,188,322,506,280,189,39,1
경기도 양평군 청운면,4183037000,3812,100,153,221,191,351,669,1075,599,398,50,5,1959,61,89,125,103,210,350,552,289,165,13,2,1853,39,64,96,88,141,319,523,310,233,37,3
경기도 양평군 양동면,4183038000,4674,131,205,276,298,389,903,1228,713,435,91,5,2347,77,106,160,166,207,481,616,346,169,18,1,2327,54,99,116,132,182,422,612,367,266,73,4
경기도 양평군 지평면,4183039500,7001,240,379,473,423,711,1225,1821,1003,604,120,2,3558,136,223,263,217,394,647,966,469,213,30,0,3443,104,156,210,206,317,578,855,534,391,90,2
경기도 양평군 용문면,4183040000,18070,1222,1626,1646,1692,2451,2961,3350,1893,1051,173,5,9066,625,855,919,858,1249,1524,1671,910,418,37,0,9004,597,771,727,834,1202,1437,1679,983,633,136,5
경기도 양평군 개군면,4183041000,5250,228,318,386,375,606,906,1304,704,374,48,1,2649,112,170,216,188,325,484,650,354,142,8,0,2601,116,148,170,187,281,422,654,350,232,40,1
강원도  ,4200000000,1538273,101330,134178,175632,162898,219290,264619,259431,132719,76160,11598,418,774232,51809,69694,98892,85840,112358,136593,129401,59776,27231,2551,87,764041,49521,64484,76740,77058,106932,128026,130030,72943,48929,9047,331
동해출장소  ,4210500000,0,0,0,0,0,0,0,0,0,0,0,0,0,0,0,0,0,0,0,0,0,0,0,0,0,0,0,0,0,0,0,0,0,0,0,0
강원도 춘천시 ,4211000000,284121,20869,26465,37412,34282,41833,46725,41560,20419,12540,1945,71,140341,10706,13772,20020,17560,20679,23522,20095,8950,4547,469,21,143780,10163,12693,17392,16722,21154,23203,21465,11469,7993,1476,50
강원도 춘천시 신북읍,4211025000,7548,318,436,708,660,830,1389,1564,893,646,100,4,3786,151,229,400,350,450,735,805,405,231,28,2,3762,167,207,308,310,380,654,759,488,415,72,2
강원도 춘천시 동면,4211031000,19649,2029,2467,1932,2298,3577,3042,2647,978,562,113,4,9710,1028,1278,1050,1076,1767,1551,1299,438,200,23,0,9939,1001,1189,882,1222,1810,1491,1348,540,362,90,4
강원도 춘천시 동산면,4211032000,1442,23,58,106,89,103,232,444,201,170,15,1,780,8,36,62,56,67,134,255,95,63,4,0,662,15,22,44,33,36,98,189,106,107,11,1
강원도 춘천시 신동면,4211033000,2578,99,135,230,195,243,487,645,287,218,39,0,1340,56,60,150,103,138,278,324,145,79,7,0,1238,43,75,80,92,105,209,321,142,139,32,0
강원도 춘천시 남면,4211034000,1076,19,28,50,52,84,191,305,193,128,25,1,581,13,16,31,35,46,118,165,96,56,5,0,495,6,12,19,17,38,73,140,97,72,20,1
강원도 춘천시 서면,4211035000,3773,98,175,232,225,333,655,1010,562,400,79,4,1942,44,107,127,119,198,372,548,279,135,13,0,1831,54,68,105,106,135,283,462,283,265,66,4
강원도 춘천시 사북면,4211036000,2500,66,134,172,112,202,444,715,363,251,41,0,1238,33,74,110,63,95,224,367,176,89,7,0,1262,33,60,62,49,107,220,348,187,162,34,0
강원도 춘천시 북산면,4211038000,959,13,18,33,37,56,193,305,188,103,13,0,526,6,9,19,24,33,112,183,91,47,2,0,433,7,9,14,13,23,81,122,97,56,11,0
강원도 춘천시 동내면,4211039000,17161,1303,1700,2102,2268,2806,2788,2434,1026,626,104,4,8568,686,871,1086,1188,1406,1428,1202,437,236,27,1,8593,617,829,1016,1080,1400,1360,1232,589,390,77,3
강원도 춘천시 남산면,4211040000,3424,71,151,219,237,340,650,930,480,292,50,4,1808,41,86,120,141,199,374,481,241,108,15,2,1616,30,65,99,96,141,276,449,239,184,35,2
강원도 춘천시 교동,4211052000,3549,98,163,901,412,372,487,527,357,207,23,2,1834,61,92,494,226,203,254,249,179,66,9,1,1715,37,71,407,186,169,233,278,178,141,14,1
강원도 춘천시 조운동,4211053000,2695,79,113,339,291,335,458,499,323,218,40,0,1311,43,65,165,159,182,249,236,133,72,7,0,1384,36,48,174,132,153,209,263,190,146,33,0
강원도 춘천시 약사명동,4211054500,3278,212,194,410,417,427,530,515,338,194,38,3,1566,97,100,221,210,215,277,242,130,65,8,1,1712,115,94,189,207,212,253,273,208,129,30,2
강원도 춘천시 근화동,4211057000,8540,890,636,1007,1428,1133,1193,1114,650,425,61,3,4318,476,356,501,760,587,674,547,236,152,27,2,4222,414,280,506,668,546,519,567,414,273,34,1
강원도 춘천시 소양동,4211058000,9314,704,757,1173,1142,1326,1610,1367,742,421,68,4,4568,353,410,619,592,685,792,650,295,152,18,2,4746,351,347,554,550,641,818,717,447,269,50,2
강원도 춘천시 후평1동,4211060000,11588,482,814,1833,1354,1471,1878,1984,1038,635,97,2,5787,255,430,970,764,762,952,947,456,227,24,0,5801,227,384,863,590,709,926,1037,582,408,73,2
강원도 춘천시 후평2동,4211061000,14601,1229,1395,2123,2061,2103,2303,1791,924,576,91,5,6938,615,720,1068,1020,1003,1086,819,384,196,27,0,7663,614,675,1055,1041,1100,1217,972,540,380,64,5
강원도 춘천시 후평3동,4211061100,20872,1698,1897,2582,2705,3038,3386,3055,1483,893,130,5,9951,868,957,1335,1379,1456,1598,1414,625,287,29,3,10921,830,940,1247,1326,1582,1788,1641,858,606,101,2
강원도 춘천시 효자1동,4211062000,4411,313,368,516,453,646,732,714,385,246,37,1,2202,151,210,278,237,343,360,342,163,107,11,0,2209,162,158,238,216,303,372,372,222,139,26,1
강원도 춘천시 효자2동,4211063000,11981,376,634,2808,1335,1365,1775,1784,1119,694,88,3,6340,191,330,1644,794,778,986,863,473,264,15,2,5641,185,304,1164,541,587,789,921,646,430,73,1
강원도 춘천시 효자3동,4211064000,4340,126,223,952,569,449,657,687,377,264,35,1,2200,69,114,480,316,262,345,327,160,119,8,0,2140,57,109,472,253,187,312,360,217,145,27,1
강원도 춘천시 석사동,4211065000,34625,2281,4176,5034,3590,5623,6192,4274,2061,1227,161,6,17003,1150,2119,2661,1861,2661,3111,2069,872,459,39,1,17622,1131,2057,2373,1729,2962,3081,2205,1189,768,122,5
강원도 춘천시 퇴계동,4211066000,48845,4216,5679,6318,6021,8096,8264,5963,2489,1567,229,3,23549,2147,2937,3346,2932,3759,3956,2806,1052,556,57,1,25296,2069,2742,2972,3089,4337,4308,3157,1437,1011,172,2
강원도 춘천시 강남동,4211067500,22437,1912,1869,2795,3262,3355,3696,3276,1441,694,128,9,10979,989,975,1455,1649,1633,1753,1529,708,256,29,3,11458,923,894,1340,1613,1722,1943,1747,733,438,99,6
강원도 춘천시 신사우동,4211070500,22935,2214,2245,2837,3069,3520,3493,3011,1521,883,140,2,11516,1175,1191,1628,1506,1751,1803,1426,681,325,30,0,11419,1039,1054,1209,1563,1769,1690,1585,840,558,110,2
강원도 원주시 ,4213000000,357277,27466,35355,44958,45353,56762,61198,49850,21429,12889,1959,58,177183,13967,18253,23983,23079,27901,30712,24738,9576,4527,439,8,180094,13499,17102,20975,22274,28861,30486,25112,11853,8362,1520,50
강원도 원주시 문막읍,4213025000,17859,1065,1563,2019,1791,2847,3381,2804,1423,840,121,5,9130,536,791,1118,982,1477,1806,1445,650,290,32,3,8729,529,772,901,809,1370,1575,1359,773,550,89,2
강원도 원주시 소초면,4213031000,8449,322,496,929,679,889,1661,1953,848,566,105,1,4469,174,244,603,389,489,878,1045,413,207,27,0,3980,148,252,326,290,400,783,908,435,359,78,1
강원도 원주시 호저면,4213032000,3641,98,118,306,224,326,673,980,460,401,54,1,1917,56,66,195,121,198,388,515,234,135,9,0,1724,42,52,111,103,128,285,465,226,266,45,1
강원도 원주시 지정면,4213033000,29011,4792,2612,2693,6890,5151,3185,2392,774,441,78,3,14258,2376,1307,1307,3430,2641,1485,1189,365,142,16,0,14753,2416,1305,1386,3460,2510,1700,1203,409,299,62,3
강원도 원주시 부론면,4213035000,2234,38,83,133,87,151,338,690,386,283,44,1,1138,17,34,77,50,101,198,362,189,99,11,0,1096,21,49,56,37,50,140,328,197,184,33,1
강원도 원주시 귀래면,4213036000,2163,38,69,143,102,154,429,615,358,213,42,0,1114,21,31,83,70,80,248,333,158,85,5,0,1049,17,38,60,32,74,181,282,200,128,37,0
강원도 원주시 흥업면,4213037000,9228,457,672,1449,897,1207,1635,1693,668,491,57,2,4847,232,348,831,485,651,885,903,321,177,13,1,4381,225,324,618,412,556,750,790,347,314,44,1
강원도 원주시 판부면,4213038000,7361,394,633,1002,861,1135,1436,1114,444,291,49,2,3876,197,339,560,482,590,788,598,209,105,8,0,3485,197,294,442,379,545,648,516,235,186,41,2
강원도 원주시 신림면,4213039000,3583,59,106,178,189,265,730,1071,558,374,50,3,1828,29,64,91,115,159,382,565,268,141,14,0,1755,30,42,87,74,106,348,506,290,233,36,3
강원도 원주시 중앙동,4213051500,2583,48,95,170,181,245,538,653,333,272,48,0,1381,26,51,88,104,156,330,367,151,96,12,0,1202,22,44,82,77,89,208,286,182,176,36,0
강원도 원주시 원인동,4213052000,4662,183,319,669,486,562,858,863,400,286,35,1,2232,93,168,344,244,299,415,399,167,88,15,0,2430,90,151,325,242,263,443,464,233,198,20,1
강원도 원주시 개운동,4213053000,12781,625,1279,1583,1198,1682,2422,2112,1105,679,93,3,6129,299,694,847,604,788,1159,999,473,246,20,0,6652,326,585,736,594,894,1263,1113,632,433,73,3
강원도 원주시 명륜1동,4213054100,8416,370,734,1082,751,1083,1652,1505,746,432,60,1,4053,183,359,592,392,508,785,734,324,163,13,0,4363,187,375,490,359,575,867,771,422,269,47,1
강원도 원주시 명륜2동,4213054200,15519,709,1590,2123,1371,2268,3107,2505,1072,675,99,0,7506,337,801,1111,709,1068,1547,1226,470,216,21,0,8013,372,789,1012,662,1200,1560,1279,602,459,78,0
강원도 원주시 단구동,4213055000,44760,3283,5194,6640,5523,7913,7896,4930,2061,1162,154,4,21958,1696,2682,3584,2828,3710,3841,2355,839,389,33,1,22802,1587,2512,3056,2695,4203,4055,2575,1222,773,121,3
강원도 원주시 일산동,4213056000,8555,384,594,1596,930,989,1367,1418,772,431,72,2,4102,184,329,756,503,504,644,649,341,168,23,1,4453,200,265,840,427,485,723,769,431,263,49,1
강원도 원주시 학성동,4213057500,4685,152,263,523,394,582,912,984,507,312,54,2,2326,76,152,288,216,322,467,467,214,112,12,0,2359,76,111,235,178,260,445,517,293,200,42,2
강원도 원주시 단계동,4213059000,28895,2073,2366,4283,4301,4025,5322,4206,1415,777,123,4,14102,1095,1220,2244,2263,1909,2415,2021,625,288,22,0,14793,978,1146,2039,2038,2116,2907,2185,790,489,101,4
강원도 원주시 우산동,4213060000,13611,993,1195,1971,1574,2142,2288,2010,908,456,73,1,7181,523,666,1137,841,1123,1233,1045,418,178,17,0,6430,470,529,834,733,1019,1055,965,490,278,56,1
강원도 원주시 태장1동,4213061000,10109,734,1095,1062,1028,1705,1766,1508,754,409,45,3,5074,370,577,559,534,863,940,738,327,158,8,0,5035,364,518,503,494,842,826,770,427,251,37,3
강원도 원주시 태장2동,4213062000,24722,1658,2545,2927,2704,4006,4560,3718,1543,945,115,1,12352,864,1328,1585,1399,2021,2314,1844,661,306,30,0,12370,794,1217,1342,1305,1985,2246,1874,882,639,85,1
강원도 원주시 봉산동,4213063500,7996,255,636,864,644,968,1525,1627,822,557,94,4,3965,134,362,475,379,485,787,790,349,182,21,1,4031,121,274,389,265,483,738,837,473,375,73,3
강원도 원주시 행구동,4213065000,7808,486,869,921,742,1185,1484,1255,487,321,52,6,3873,264,441,505,366,559,741,636,230,118,13,0,3935,222,428,416,376,626,743,619,257,203,39,6
강원도 원주시 무실동,4213066000,33865,3075,4441,4344,4473,6405,5403,3669,1315,618,119,3,16600,1561,2360,2347,2182,2946,2620,1747,601,212,23,1,17265,1514,2081,1997,2291,3459,2783,1922,714,406,96,2
강원도 원주시 반곡관설동,4213067500,44781,5175,5788,5348,7333,8877,6630,3575,1270,657,123,5,21772,2624,2839,2656,3391,4254,3416,1766,579,226,21,0,23009,2551,2949,2692,3942,4623,3214,1809,691,431,102,5
강원도 강릉시 ,4215000000,213093,12895,18528,24676,21267,31726,36706,35679,19469,10398,1694,55,105749,6641,9731,13554,11238,16160,18567,17034,8717,3761,335,11,107344,6254,8797,11122,10029,15566,18139,18645,10752,6637,1359,44
강원도 강릉시 주문진읍,4215025000,16629,653,953,1431,1226,2018,3011,3634,2283,1214,200,6,8133,336,529,827,649,1086,1551,1710,966,431,47,1,8496,317,424,604,577,932,1460,1924,1317,783,153,5
강원도 강릉시 성산면,4215031000,3466,133,197,275,207,375,669,790,442,323,53,2,1753,71,105,171,118,215,341,401,223,100,8,0,1713,62,92,104,89,160,328,389,219,223,45,2
강원도 강릉시 왕산면,4215032000,1578,28,31,90,79,92,312,506,264,150,26,0,846,22,10,53,60,57,171,267,138,63,5,0,732,6,21,37,19,35,141,239,126,87,21,0
강원도 강릉시 구정면,4215033000,4208,211,272,337,326,488,708,981,495,304,82,4,2144,114,146,200,164,277,385,506,232,103,15,2,2064,97,126,137,162,211,323,475,263,201,67,2
강원도 강릉시 강동면,4215034000,4219,100,185,404,285,425,741,970,647,398,63,1,2246,54,103,268,183,285,414,511,286,128,14,0,1973,46,82,136,102,140,327,459,361,270,49,1
강원도 강릉시 옥계면,4215035000,3493,93,147,263,208,306,649,897,547,334,48,1,1799,47,89,169,128,175,365,472,244,99,11,0,1694,46,58,94,80,131,284,425,303,235,37,1
강원도 강릉시 사천면,4215036000,4647,183,239,420,386,575,851,1084,538,307,61,3,2406,99,135,250,212,329,448,539,260,124,10,0,2241,84,104,170,174,246,403,545,278,183,51,3
강원도 강릉시 연곡면,4215037000,6341,313,441,482,532,913,1063,1389,756,392,57,3,3177,148,228,273,290,487,545,684,367,143,10,2,3164,165,213,209,242,426,518,705,389,249,47,1
강원도 강릉시 홍제동,4215051000,15160,1266,1475,1723,1945,2558,2492,2005,1067,531,93,5,7386,658,735,886,1008,1229,1243,948,473,183,23,0,7774,608,740,837,937,1329,1249,1057,594,348,70,5
강원도 강릉시 중앙동,4215052000,4790,153,283,529,410,601,761,1000,629,344,79,1,2291,77,130,272,239,318,405,444,267,117,21,1,2499,76,153,257,171,283,356,556,362,227,58,0
강원도 강릉시 옥천동,4215054000,3392,88,153,329,267,395,607,713,548,264,26,2,1744,48,86,187,152,234,327,337,251,118,4,0,1648,40,67,142,115,161,280,376,297,146,22,2
강원도 강릉시 교1동,4215055000,25881,1671,2907,3571,2597,4384,4479,3386,1771,974,136,5,12618,847,1503,1888,1338,2054,2253,1566,764,380,25,0,13263,824,1404,1683,1259,2330,2226,1820,1007,594,111,5
강원도 강릉시 교2동,4215056000,7737,337,604,920,762,1004,1398,1460,790,397,63,2,3832,182,316,461,436,506,705,688,376,152,10,0,3905,155,288,459,326,498,693,772,414,245,53,2
강원도 강릉시 포남1동,4215057100,10422,416,735,1264,885,1398,1977,2041,1126,512,65,3,5138,219,386,678,486,753,973,904,506,214,18,1,5284,197,349,586,399,645,1004,1137,620,298,47,2
강원도 강릉시 포남2동,4215057200,12840,526,1119,1620,1244,1788,2383,2405,1117,539,97,2,6320,269,596,867,685,919,1172,1106,506,186,13,1,6520,257,523,753,559,869,1211,1299,611,353,84,1
강원도 강릉시 초당동,4215058000,4742,276,391,530,539,692,928,776,363,218,29,0,2320,124,205,316,300,321,437,375,154,81,7,0,2422,152,186,214,239,371,491,401,209,137,22,0
강원도 강릉시 송정동,4215059000,10113,886,995,1159,1277,1644,1674,1466,633,314,63,2,4853,427,511,603,635,784,784,698,272,128,11,0,5260,459,484,556,642,860,890,768,361,186,52,2
강원도 강릉시 내곡동,4215060000,16438,1348,1508,2372,2033,2676,2554,2254,1069,533,87,4,8220,681,785,1302,1021,1400,1247,1088,497,182,17,0,8218,667,723,1070,1012,1276,1307,1166,572,351,70,4
강원도 강릉시 강남동,4215061500,17745,892,1463,1961,1535,2433,3103,3070,2027,1091,165,5,8907,447,811,1122,834,1300,1633,1439,874,416,29,2,8838,445,652,839,701,1133,1470,1631,1153,675,136,3
강원도 강릉시 성덕동,4215064500,28099,2242,3371,3365,3115,5022,4622,3542,1716,952,148,4,13916,1205,1786,1834,1582,2446,2296,1707,725,308,26,1,14183,1037,1585,1531,1533,2576,2326,1835,991,644,122,3
강원도 강릉시 경포동,4215066500,11153,1080,1059,1631,1409,1939,1724,1310,641,307,53,0,5700,566,536,927,718,985,872,644,336,105,11,0,5453,514,523,704,691,954,852,666,305,202,42,0
강원도 동해시 ,4217000000,90010,6283,8549,9305,8690,14266,15693,14668,7983,3989,570,14,45735,3231,4455,5471,4674,7457,8157,7093,3613,1469,113,2,44275,3052,4094,3834,4016,6809,7536,7575,4370,2520,457,12
강원도 동해시 천곡동,4217051000,30535,2587,3189,3441,3441,5086,5121,4703,1972,855,140,0,15222,1342,1604,1965,1836,2535,2444,2229,938,298,31,0,15313,1245,1585,1476,1605,2551,2677,2474,1034,557,109,0
강원도 동해시 송정동,4217052000,3753,128,206,502,266,475,648,750,447,283,46,2,2043,58,117,340,162,287,365,378,213,111,12,0,1710,70,89,162,104,188,283,372,234,172,34,2
강원도 동해시 북삼동,4217053000,19994,1500,2525,2355,1961,3747,3657,2431,1184,564,70,0,10363,773,1354,1413,1037,1872,1935,1199,540,226,14,0,9631,727,1171,942,924,1875,1722,1232,644,338,56,0
강원도 동해시 부곡동,4217054000,4970,164,335,431,324,642,898,1112,711,309,42,2,2416,85,185,237,164,354,452,513,310,111,5,0,2554,79,150,194,160,288,446,599,401,198,37,2
강원도 동해시 동호동,4217055000,5141,295,430,460,423,724,927,942,638,281,19,2,2600,152,227,258,221,418,492,440,277,109,5,1,2541,143,203,202,202,306,435,502,361,172,14,1
강원도 동해시 발한동,4217057000,3365,91,159,244,188,402,563,792,585,296,44,1,1708,46,76,149,125,242,314,376,265,103,12,0,1657,45,83,95,63,160,249,416,320,193,32,1
강원도 동해시 묵호동,4217059000,3093,94,158,182,163,383,509,696,565,320,21,2,1539,52,86,105,90,230,296,319,227,127,7,0,1554,42,72,77,73,153,213,377,338,193,14,2
강원도 동해시 북평동,4217060000,12841,1197,1193,1231,1508,2076,2203,1871,944,523,93,2,6611,612,618,721,790,1084,1198,940,441,196,11,0,6230,585,575,510,718,992,1005,931,503,327,82,2
강원도 동해시 망상동,4217063000,3500,156,185,246,244,427,599,754,519,317,52,1,1758,75,97,150,138,251,320,382,227,111,7,0,1742,81,88,96,106,176,279,372,292,206,45,1
강원도 동해시 삼화동,4217065000,2818,71,169,213,172,304,568,617,418,241,43,2,1475,36,91,133,111,184,341,317,175,77,9,1,1343,35,78,80,61,120,227,300,243,164,34,1
강원도 태백시 ,4219000000,40982,2320,3671,3485,3329,6114,7015,7785,4803,2191,252,17,20738,1232,1892,2012,1772,3258,3792,3818,2113,789,54,6,20244,1088,1779,1473,1557,2856,3223,3967,2690,1402,198,11
강원도 태백시 황지동,4219051500,6139,430,554,576,560,884,1060,1144,633,262,34,2,3045,226,288,342,291,468,525,532,273,90,9,1,3094,204,266,234,269,416,535,612,360,172,25,1
강원도 태백시 황연동,4219052500,4284,164,303,326,265,580,742,1040,597,235,32,0,2167,77,161,196,147,323,409,521,243,86,4,0,2117,87,142,130,118,257,333,519,354,149,28,0
강원도 태백시 삼수동,4219053500,5748,338,499,390,462,866,917,1071,789,370,45,1,2955,194,255,243,243,487,534,499,347,139,14,0,2793,144,244,147,219,379,383,572,442,231,31,1
강원도 태백시 상장동,4219054000,13140,1025,1549,1370,1306,2511,2187,1784,962,395,48,3,6648,540,790,772,672,1267,1164,863,437,135,7,1,6492,485,759,598,634,1244,1023,921,525,260,41,2
강원도 태백시 문곡소도동,4219058500,3821,145,267,270,261,481,702,911,529,219,31,5,1924,75,121,145,138,269,371,464,238,94,7,2,1897,70,146,125,123,212,331,447,291,125,24,3
강원도 태백시 장성동,4219059500,3372,124,216,287,230,350,686,728,460,260,25,6,1669,63,101,156,137,190,360,375,200,82,3,2,1703,61,115,131,93,160,326,353,260,178,22,4
강원도 태백시 구문소동,4219060500,2502,57,204,133,133,256,389,616,461,234,19,0,1305,37,137,77,70,149,234,313,204,80,4,0,1197,20,67,56,63,107,155,303,257,154,15,0
강원도 태백시 철암동,4219061500,1976,37,79,133,112,186,332,491,372,216,18,0,1025,20,39,81,74,105,195,251,171,83,6,0,951,17,40,52,38,81,137,240,201,133,12,0
강원도 속초시 ,4221000000,82700,5661,7197,8904,9098,12166,15064,13858,6761,3367,609,15,41028,2871,3740,5035,4903,6084,7458,6709,2937,1180,108,3,41672,2790,3457,3869,4195,6082,7606,7149,3824,2187,501,12
강원도 속초시 영랑동,4221051000,4432,172,227,392,399,484,880,1054,523,263,36,2,2302,88,132,239,228,283,470,520,244,93,5,0,2130,84,95,153,171,201,410,534,279,170,31,2
강원도 속초시 동명동,4221052000,3624,227,265,296,327,485,693,694,416,188,33,0,1825,118,139,169,171,256,357,350,194,64,7,0,1799,109,126,127,156,229,336,344,222,124,26,0
강원도 속초시 금호동,4221054000,5994,210,423,578,463,714,1148,1298,697,379,83,1,2928,107,218,335,267,375,561,611,303,138,12,1,3066,103,205,243,196,339,587,687,394,241,71,0
강원도 속초시 교동,4221056000,9536,481,790,1103,984,1289,1722,1818,848,429,70,2,4678,247,421,626,544,649,826,854,348,151,12,0,4858,234,369,477,440,640,896,964,500,278,58,2
강원도 속초시 노학동,4221057000,21825,1376,2176,2420,2239,3326,4136,3539,1620,836,156,1,10903,697,1105,1385,1205,1621,2062,1788,736,279,25,0,10922,679,1071,1035,1034,1705,2074,1751,884,557,131,1
강원도 속초시 조양동,4221058000,29250,2812,2946,3410,3928,4935,4947,3689,1690,766,123,4,14289,1408,1525,1881,2035,2385,2360,1701,705,265,24,0,14961,1404,1421,1529,1893,2550,2587,1988,985,501,99,4
강원도 속초시 청호동,4221059000,4914,299,255,451,554,620,899,986,493,290,63,4,2487,165,124,256,316,335,485,497,195,98,14,2,2427,134,131,195,238,285,414,489,298,192,49,2
강원도 속초시 대포동,4221060000,3125,84,115,254,204,313,639,780,474,216,45,1,1616,41,76,144,137,180,337,388,212,92,9,0,1509,43,39,110,67,133,302,392,262,124,36,1
강원도 삼척시 ,4223000000,63682,3554,5058,6862,5267,8486,10943,11809,7000,4069,614,20,32175,1809,2598,3824,2841,4627,5959,5939,3109,1341,126,2,31507,1745,2460,3038,2426,3859,4984,5870,3891,2728,488,18
강원도 삼척시 도계읍,4223025000,9690,297,832,1748,477,986,1552,1918,1198,612,67,3,4804,147,389,904,256,556,850,985,523,180,14,0,4886,150,443,844,221,430,702,933,675,432,53,3
강원도 삼척시 원덕읍,4223025300,3232,78,129,229,190,348,614,747,498,341,51,7,1698,40,65,158,125,220,370,405,203,100,10,2,1534,38,64,71,65,128,244,342,295,241,41,5
강원도 삼척시 원덕읍임원출장소,4223025400,1695,42,63,122,82,179,334,392,291,164,26,0,846,20,34,70,51,111,183,200,118,52,7,0,849,22,29,52,31,68,151,192,173,112,19,0
강원도 삼척시 근덕면,4223031000,5073,103,182,313,270,458,950,1272,802,606,112,5,2624,56,103,205,167,296,576,651,357,195,18,0,2449,47,79,108,103,162,374,621,445,411,94,5
강원도 삼척시 하장면,4223032000,1294,22,34,60,68,119,268,401,179,128,15,0,701,15,18,27,46,89,142,221,85,55,3,0,593,7,16,33,22,30,126,180,94,73,12,0
강원도 삼척시 노곡면,4223033000,715,7,10,32,20,57,135,206,131,91,26,0,389,3,5,21,12,42,87,121,58,33,7,0,326,4,5,11,8,15,48,85,73,58,19,0
강원도 삼척시 미로면,4223034000,1811,33,63,77,76,182,330,475,310,229,36,0,943,17,42,50,40,129,192,261,141,65,6,0,868,16,21,27,36,53,138,214,169,164,30,0
강원도 삼척시 가곡면,4223035000,671,9,23,28,16,67,122,187,126,80,13,0,342,8,11,16,8,42,75,91,60,28,3,0,329,1,12,12,8,25,47,96,66,52,10,0
강원도 삼척시 신기면,4223036000,660,11,12,25,32,66,129,176,113,87,9,0,358,5,6,14,20,50,80,96,52,34,1,0,302,6,6,11,12,16,49,80,61,53,8,0
강원도 삼척시 남양동,4223051000,7494,247,480,695,564,915,1367,1639,1023,496,66,2,3692,131,248,396,326,502,671,770,460,173,15,0,3802,116,232,299,238,413,696,869,563,323,51,2
강원도 삼척시 교동,4223053000,14410,1587,1687,1810,1900,2508,2290,1547,687,334,59,1,7311,811,864,1002,974,1237,1199,770,312,126,16,0,7099,776,823,808,926,1271,1091,777,375,208,43,1
강원도 삼척시 정라동,4223054000,8941,618,800,970,881,1425,1554,1376,831,416,69,1,4530,307,434,541,454,757,862,664,363,134,14,0,4411,311,366,429,427,668,692,712,468,282,55,1
강원도 삼척시 성내동,4223057000,7996,500,743,753,691,1176,1298,1473,811,485,65,1,3937,249,379,420,362,596,672,704,377,166,12,0,4059,251,364,333,329,580,626,769,434,319,53,1
강원도 홍천군 ,4272000000,68482,3574,4981,6512,5756,7978,12178,15050,7132,4628,660,33,35246,1831,2511,3941,3127,4277,6460,7858,3399,1683,156,3,33236,1743,2470,2571,2629,3701,5718,7192,3733,2945,504,30
강원도 홍천군 홍천읍,4272025000,34272,2445,3429,3999,3691,5146,5907,5428,2499,1497,214,17,17305,1245,1757,2297,1954,2595,3062,2727,1081,538,48,1,16967,1200,1672,1702,1737,2551,2845,2701,1418,959,166,16
강원도 홍천군 화촌면,4272031000,4559,112,155,356,276,366,735,1342,682,455,78,2,2420,62,83,245,156,242,411,697,352,151,21,0,2139,50,72,111,120,124,324,645,330,304,57,2
강원도 홍천군 두촌면,4272032000,2442,45,103,138,95,155,421,771,390,271,51,2,1219,27,51,81,51,91,222,406,178,101,11,0,1223,18,52,57,44,64,199,365,212,170,40,2
강원도 홍천군 내촌면,4272033000,2392,42,82,113,93,166,462,776,359,267,30,2,1250,27,43,72,51,110,241,415,183,97,11,0,1142,15,39,41,42,56,221,361,176,170,19,2
강원도 홍천군 서석면,4272034000,3730,126,179,274,193,291,747,1060,478,335,44,3,1917,71,90,170,99,159,400,554,245,117,12,0,1813,55,89,104,94,132,347,506,233,218,32,3
강원도 홍천군 영귀미면,4272035200,4069,113,177,216,225,343,756,1186,625,377,48,3,2117,53,106,129,130,205,410,620,314,137,12,1,1952,60,71,87,95,138,346,566,311,240,36,2
강원도 홍천군 남면,4272036000,6178,369,413,749,580,532,941,1378,661,484,71,0,3301,184,160,546,330,309,509,746,325,179,13,0,2877,185,253,203,250,223,432,632,336,305,58,0
강원도 홍천군 서면,4272037000,3763,91,116,225,203,349,721,1132,536,333,55,2,1973,45,57,137,135,204,371,622,253,133,16,0,1790,46,59,88,68,145,350,510,283,200,39,2
강원도 홍천군 북방면,4272038000,3931,119,188,263,233,363,782,1065,511,368,38,1,2066,53,96,153,134,215,436,578,264,132,5,0,1865,66,92,110,99,148,346,487,247,236,33,1
강원도 홍천군 내면,4272039000,3146,112,139,179,167,267,706,912,391,241,31,1,1678,64,68,111,87,147,398,493,204,98,7,1,1468,48,71,68,80,120,308,419,187,143,24,0
강원도 횡성군 ,4273000000,46583,2106,3517,3633,3269,4921,8521,11145,5453,3449,543,26,23903,1112,1838,2083,1728,2727,4513,5825,2669,1291,114,3,22680,994,1679,1550,1541,2194,4008,5320,2784,2158,429,23
강원도 횡성군 횡성읍,4273025000,20965,1444,1983,2230,1986,2927,3672,3612,1763,1129,210,9,10564,758,1014,1239,1004,1572,1919,1825,775,411,46,1,10401,686,969,991,982,1355,1753,1787,988,718,164,8
강원도 횡성군 우천면,4273031000,4471,127,195,346,232,391,853,1230,641,395,60,1,2347,66,105,226,125,221,464,642,338,146,14,0,2124,61,90,120,107,170,389,588,303,249,46,1
강원도 횡성군 안흥면,4273032000,3172,67,583,128,116,178,544,852,413,248,40,3,1630,42,307,77,58,95,288,451,204,102,6,0,1542,25,276,51,58,83,256,401,209,146,34,3
강원도 횡성군 둔내면,4273033000,5847,239,383,346,395,573,1160,1540,701,451,52,7,3039,125,209,200,229,328,618,800,349,172,8,1,2808,114,174,146,166,245,542,740,352,279,44,6
강원도 횡성군 갑천면,4273034000,2421,32,73,131,92,166,462,778,387,261,38,1,1255,16,36,65,49,96,249,419,210,109,6,0,1166,16,37,66,43,70,213,359,177,152,32,1
강원도 횡성군 청일면,4273035000,2387,34,65,96,94,154,465,795,406,235,42,1,1214,14,36,60,54,90,240,439,200,72,9,0,1173,20,29,36,40,64,225,356,206,163,33,1
강원도 횡성군 공근면,4273036000,3469,67,107,181,157,254,670,1078,520,369,66,0,1813,35,53,108,96,159,362,575,271,140,14,0,1656,32,54,73,61,95,308,503,249,229,52,0
강원도 횡성군 서원면,4273037000,2103,61,58,109,127,154,358,691,302,214,26,3,1117,35,31,64,75,98,192,374,162,77,8,1,986,26,27,45,52,56,166,317,140,137,18,2
강원도 횡성군 강림면,4273038000,1748,35,70,66,70,124,337,569,320,147,9,1,924,21,47,44,38,68,181,300,160,62,3,0,824,14,23,22,32,56,156,269,160,85,6,1
강원도 영월군 ,4275000000,37934,1571,2773,3120,2635,4331,7113,8468,4697,2849,360,17,19631,834,1500,1809,1433,2336,3957,4482,2154,1024,98,4,18303,737,1273,1311,1202,1995,3156,3986,2543,1825,262,13
강원도 영월군 영월읍,4275025000,20821,1219,2052,2216,1844,2883,3756,3524,2029,1145,149,4,10651,659,1126,1251,969,1449,2049,1810,889,408,41,0,10170,560,926,965,875,1434,1707,1714,1140,737,108,4
강원도 영월군 상동읍,4275025300,1029,19,29,47,41,99,184,278,186,130,16,0,536,12,17,33,19,64,108,155,84,43,1,0,493,7,12,14,22,35,76,123,102,87,15,0
강원도 영월군 중동면,4275031000,0,0,0,0,0,0,0,0,0,0,0,0,0,0,0,0,0,0,0,0,0,0,0,0,0,0,0,0,0,0,0,0,0,0,0,0
강원도 영월군 산솔면,4275031200,1415,26,50,64,49,101,326,388,238,157,16,0,752,9,26,41,36,65,187,230,99,52,7,0,663,17,24,23,13,36,139,158,139,105,9,0
강원도 영월군 김삿갓면,4275032500,1705,23,80,82,50,150,359,529,257,153,22,0,885,11,41,51,31,76,199,285,132,55,4,0,820,12,39,31,19,74,160,244,125,98,18,0
강원도 영월군 북면,4275033000,2084,33,83,118,97,175,424,573,339,213,23,6,1096,16,33,76,55,113,247,321,149,78,6,2,988,17,50,42,42,62,177,252,190,135,17,4
강원도 영월군 남면,4275034000,2221,35,100,113,107,211,404,668,338,211,32,2,1182,15,52,71,70,132,244,358,167,65,8,0,1039,20,48,42,37,79,160,310,171,146,24,2
강원도 영월군 한반도면,4275035500,1213,39,44,96,68,109,254,328,164,104,7,0,677,18,26,62,37,64,162,175,87,44,2,0,536,21,18,34,31,45,92,153,77,60,5,0
강원도 영월군 한반도면쌍용출장소,4275035900,1658,45,54,101,113,148,282,438,272,177,27,1,897,27,19,60,81,103,168,240,122,66,10,1,761,18,35,41,32,45,114,198,150,111,17,0
강원도 영월군 주천면,4275036000,3739,87,200,199,175,292,733,1081,523,400,45,4,1912,46,116,118,93,172,389,573,249,143,12,1,1827,41,84,81,82,120,344,508,274,257,33,3
강원도 영월군 무릉도원면,4275038000,2049,45,81,84,91,163,391,661,351,159,23,0,1043,21,44,46,42,98,204,335,176,70,7,0,1006,24,37,38,49,65,187,326,175,89,16,0
강원도 평창군 ,4276000000,41023,1735,2739,3244,2829,5060,7804,9456,4901,2859,378,18,21095,857,1439,1931,1535,2776,4197,4946,2306,1032,73,3,19928,878,1300,1313,1294,2284,3607,4510,2595,1827,305,15
강원도 평창군 평창읍,4276025000,8457,400,698,749,631,1049,1554,1799,925,563,85,4,4318,201,350,441,342,558,822,935,449,203,16,1,4139,199,348,308,289,491,732,864,476,360,69,3
강원도 평창군 미탄면,4276031000,1654,31,68,106,63,162,354,458,250,134,27,1,868,14,36,65,38,99,203,248,122,40,3,0,786,17,32,41,25,63,151,210,128,94,24,1
강원도 평창군 방림면,4276032000,856,19,35,47,38,66,159,253,140,88,10,1,448,14,18,30,22,36,79,144,62,41,1,1,408,5,17,17,16,30,80,109,78,47,9,0
강원도 평창군 방림면계촌출장소,4276032500,1676,53,67,81,83,145,335,520,245,122,24,1,874,25,34,41,45,79,179,290,132,46,3,0,802,28,33,40,38,66,156,230,113,76,21,1
강원도 평창군 대화면,4276033000,5173,202,309,372,294,599,966,1271,656,444,58,2,2636,89,159,218,159,337,520,678,302,161,13,0,2537,113,150,154,135,262,446,593,354,283,45,2
강원도 평창군 봉평면,4276034000,5732,263,426,393,418,760,1123,1348,616,348,34,3,3012,121,232,235,227,414,614,718,310,133,8,0,2720,142,194,158,191,346,509,630,306,215,26,3
강원도 평창군 용평면,4276035000,3049,108,181,205,148,354,656,751,359,260,27,0,1532,51,97,124,69,192,351,387,164,89,8,0,1517,57,84,81,79,162,305,364,195,171,19,0
강원도 평창군 진부면,4276036000,8536,384,606,719,546,1063,1574,1907,1073,581,79,4,4288,208,308,422,276,560,837,974,489,202,11,1,4248,176,298,297,270,503,737,933,584,379,68,3
강원도 평창군 대관령면,4276038000,5890,275,349,572,608,862,1083,1149,637,319,34,2,3119,134,205,355,357,501,592,572,276,117,10,0,2771,141,144,217,251,361,491,577,361,202,24,2
강원도 정선군 ,4277000000,35639,1633,2422,2593,2781,4648,6678,7894,4369,2290,321,10,18573,839,1250,1523,1544,2673,3742,4179,1976,780,64,3,17066,794,1172,1070,1237,1975,2936,3715,2393,1510,257,7
강원도 정선군 정선읍,4277025000,10441,605,968,946,872,1564,1868,1875,1077,558,104,4,5364,319,513,566,446,820,1023,983,482,191,19,2,5077,286,455,380,426,744,845,892,595,367,85,2
강원도 정선군 고한읍,4277025300,4358,264,226,295,650,685,698,841,499,183,17,0,2294,134,102,165,377,422,399,402,228,62,3,0,2064,130,124,130,273,263,299,439,271,121,14,0
강원도 정선군 사북읍,4277025600,4687,276,365,387,400,745,886,960,474,180,13,1,2444,140,185,223,210,414,491,498,217,65,1,0,2243,136,180,164,190,331,395,462,257,115,12,1
강원도 정선군 신동읍,4277025900,1821,65,117,113,96,198,352,453,263,151,13,0,944,31,54,71,56,117,203,253,101,54,4,0,877,34,63,42,40,81,149,200,162,97,9,0
강원도 정선군 신동읍함백출장소,4277026000,1582,38,101,109,83,151,320,386,248,129,15,2,791,14,56,62,53,93,185,201,95,28,3,1,791,24,45,47,30,58,135,185,153,101,12,1
강원도 정선군 남면,4277032000,3179,123,184,189,237,427,615,831,362,188,22,1,1692,63,92,115,144,259,337,450,166,62,4,0,1487,60,92,74,93,168,278,381,196,126,18,1
강원도 정선군 북평면,4277034000,2493,83,159,165,139,269,487,570,350,228,42,1,1262,46,78,104,76,148,270,290,163,79,8,0,1231,37,81,61,63,121,217,280,187,149,34,1
강원도 정선군 임계면,4277035000,3452,88,141,169,155,281,712,947,543,367,49,0,1836,42,72,95,101,182,399,530,260,143,12,0,1616,46,69,74,54,99,313,417,283,224,37,0
강원도 정선군 화암면,4277036000,1640,46,81,102,60,150,376,453,229,124,19,0,895,24,48,62,30,94,234,256,105,39,3,0,745,22,33,40,30,56,142,197,124,85,16,0
강원도 정선군 여량면,4277037000,1986,45,80,118,89,178,364,578,324,182,27,1,1051,26,50,60,51,124,201,316,159,57,7,0,935,19,30,58,38,54,163,262,165,125,20,1
강원도 철원군 ,4278000000,43396,3169,3616,5270,4500,5499,6931,7159,4483,2396,361,12,22493,1560,1886,3411,2499,2919,3702,3557,2001,870,86,2,20903,1609,1730,1859,2001,2580,3229,3602,2482,1526,275,10
강원도 철원군 철원읍,4278025000,5257,409,458,593,584,631,858,816,575,294,39,0,2669,192,252,348,316,335,467,401,249,99,10,0,2588,217,206,245,268,296,391,415,326,195,29,0
강원도 철원군 김화읍,4278025300,3490,348,261,469,456,401,438,525,341,219,32,0,1861,183,138,311,257,228,237,275,141,84,7,0,1629,165,123,158,199,173,201,250,200,135,25,0
강원도 철원군 갈말읍,4278025600,11855,774,946,1525,1215,1564,1984,1992,1179,582,89,5,6337,381,515,1038,699,823,1057,1031,531,240,20,2,5518,393,431,487,516,741,927,961,648,342,69,3
강원도 철원군 동송읍,4278025900,14978,1093,1409,1643,1456,1997,2468,2477,1508,799,125,3,7540,520,702,993,789,1019,1319,1197,694,273,34,0,7438,573,707,650,667,978,1149,1280,814,526,91,3
강원도 철원군 서면,4278031000,1847,157,79,357,231,176,217,287,205,118,20,0,1021,77,50,261,140,103,117,139,92,37,5,0,826,80,29,96,91,73,100,148,113,81,15,0
강원도 철원군 서면와수출장소,4278031500,3677,219,326,414,311,528,618,630,372,220,38,1,1863,118,160,268,160,293,329,295,157,77,6,0,1814,101,166,146,151,235,289,335,215,143,32,1
강원도 철원군 근남면,4278032000,2189,169,134,268,245,194,331,412,274,142,17,3,1155,89,67,191,137,113,165,213,127,49,4,0,1034,80,67,77,108,81,166,199,147,93,13,3
강원도 철원군 근북면,4278033000,103,0,3,1,2,8,17,20,29,22,1,0,47,0,2,1,1,5,11,6,10,11,0,0,56,0,1,0,1,3,6,14,19,11,1,0
강원도 화천군 ,4279000000,24242,1723,1712,3587,2766,2611,3768,4131,2218,1486,229,11,13154,888,854,2485,1648,1416,2043,2244,991,525,56,4,11088,835,858,1102,1118,1195,1725,1887,1227,961,173,7
강원도 화천군 화천읍,4279025000,8374,685,765,1139,972,1117,1285,1193,706,452,56,4,4369,367,389,697,548,576,688,637,300,153,13,1,4005,318,376,442,424,541,597,556,406,299,43,3
강원도 화천군 간동면,4279031000,2703,55,134,255,130,210,584,667,375,239,52,2,1451,28,65,184,80,109,331,384,166,88,15,1,1252,27,69,71,50,101,253,283,209,151,37,1
강원도 화천군 하남면,4279032000,2799,123,229,252,227,345,515,570,287,216,33,2,1462,62,115,140,118,190,292,316,142,80,6,1,1337,61,114,112,109,155,223,254,145,136,27,1
강원도 화천군 상서면,4279033000,4078,259,155,1029,530,301,481,665,353,265,39,1,2476,118,72,847,364,186,269,368,152,92,8,0,1602,141,83,182,166,115,212,297,201,173,31,1
강원도 화천군 사내면,4279034000,6288,601,429,912,907,638,903,1036,497,314,49,2,3396,313,213,617,538,355,463,539,231,112,14,1,2892,288,216,295,369,283,440,497,266,202,35,1
강원도 양구군 ,4280000000,21875,1665,1987,2870,2496,2437,3419,3642,1959,1211,180,9,11525,837,991,1901,1382,1318,1817,1953,854,424,44,4,10350,828,996,969,1114,1119,1602,1689,1105,787,136,5
강원도 양구군 양구읍,4280025000,13912,1399,1583,1669,1899,1818,2013,1919,941,590,76,5,7063,692,773,984,1005,948,1046,993,405,193,21,3,6849,707,810,685,894,870,967,926,536,397,55,2
강원도 양구군 국토정중앙면,4280031500,3367,102,179,440,253,270,604,760,435,275,45,4,1896,55,99,357,158,167,342,413,191,104,9,1,1471,47,80,83,95,103,262,347,244,171,36,3
강원도 양구군 동면,4280032000,2047,97,88,395,170,142,340,379,262,144,30,0,1140,53,45,279,111,81,181,216,113,54,7,0,907,44,43,116,59,61,159,163,149,90,23,0
강원도 양구군 방산면,4280033000,1282,41,58,262,91,79,197,288,144,105,17,0,741,20,31,218,60,43,104,162,61,37,5,0,541,21,27,44,31,36,93,126,83,68,12,0
강원도 양구군 해안면,4280034000,1267,26,79,104,83,128,265,296,177,97,12,0,685,17,43,63,48,79,144,169,84,36,2,0,582,9,36,41,35,49,121,127,93,61,10,0
강원도 인제군 ,4281000000,32138,2504,2243,4194,3975,3954,5107,5693,2595,1603,262,8,17424,1262,1186,2814,2303,2204,2728,3047,1238,571,67,4,14714,1242,1057,1380,1672,1750,2379,2646,1357,1032,195,4
강원도 인제군 인제읍,4281025000,10290,1011,886,1250,1430,1469,1556,1518,701,399,68,2,5403,502,484,745,791,791,808,787,333,145,16,1,4887,509,402,505,639,678,748,731,368,254,52,1
강원도 인제군 인제읍귀둔출장소,4281025100,522,16,31,27,31,53,127,121,75,37,4,0,278,7,16,16,21,29,72,61,40,14,2,0,244,9,15,11,10,24,55,60,35,23,2,0
강원도 인제군 남면,4281031000,3763,259,219,498,491,370,567,768,321,227,42,1,2025,116,109,330,305,213,307,403,154,77,11,0,1738,143,110,168,186,157,260,365,167,150,31,1
강원도 인제군 북면,4281032000,8043,535,588,1011,816,1020,1434,1484,653,435,64,3,4332,279,307,658,450,567,783,817,296,157,16,2,3711,256,281,353,366,453,651,667,357,278,48,1
강원도 인제군 기린면,4281033000,4936,377,305,534,630,606,788,976,410,261,49,0,2677,196,153,362,369,343,410,544,196,94,10,0,2259,181,152,172,261,263,378,432,214,167,39,0
강원도 인제군 서화면,4281034000,2574,191,126,547,381,236,317,406,219,133,18,0,1551,100,67,445,247,145,181,205,111,45,5,0,1023,91,59,102,134,91,136,201,108,88,13,0
강원도 인제군 상남면,4281035000,2010,115,88,327,196,200,318,420,216,111,17,2,1158,62,50,258,120,116,167,230,108,39,7,1,852,53,38,69,76,84,151,190,108,72,10,1
강원도 고성군 ,4282000000,27119,1330,1585,2657,2344,3057,4792,5640,3419,1958,326,11,13950,676,857,1695,1331,1676,2596,2881,1482,675,79,2,13169,654,728,962,1013,1381,2196,2759,1937,1283,247,9
강원도 고성군 간성읍,4282025000,7008,574,538,893,819,852,1121,1102,645,397,65,2,3673,298,298,558,455,451,608,564,291,131,19,0,3335,276,240,335,364,401,513,538,354,266,46,2
강원도 고성군 거진읍,4282025300,6003,168,319,459,320,569,1098,1417,963,577,112,1,3004,87,159,311,181,316,625,696,402,204,23,0,2999,81,160,148,139,253,473,721,561,373,89,1
강원도 고성군 현내면,4282031000,2288,53,93,117,134,194,394,628,415,219,40,1,1114,24,55,70,75,127,205,322,164,63,9,0,1174,29,38,47,59,67,189,306,251,156,31,1
강원도 고성군 죽왕면,4282032000,3473,104,164,314,263,336,620,823,497,306,43,3,1783,48,90,190,160,193,325,428,227,109,13,0,1690,56,74,124,103,143,295,395,270,197,30,3
강원도 고성군 토성면,4282033000,8347,431,471,874,808,1106,1559,1670,899,459,66,4,4376,219,255,566,460,589,833,871,398,168,15,2,3971,212,216,308,348,517,726,799,501,291,51,2
강원도 양양군 ,4283000000,27977,1272,1780,2350,2261,3441,4964,5944,3629,1988,335,13,14289,656,941,1400,1243,1870,2671,3003,1691,742,70,2,13688,616,839,950,1018,1571,2293,2941,1938,1246,265,11
강원도 양양군 양양읍,4283025000,12746,819,1119,1239,1246,1931,2182,2202,1240,648,115,5,6485,421,594,754,648,973,1153,1084,593,237,26,2,6261,398,525,485,598,958,1029,1118,647,411,89,3
강원도 양양군 서면,4283031000,2793,53,153,201,153,280,515,676,469,254,39,0,1446,30,88,119,90,160,296,336,207,114,6,0,1347,23,65,82,63,120,219,340,262,140,33,0
강원도 양양군 손양면,4283032000,2291,59,90,185,156,215,428,522,365,237,32,2,1152,28,37,98,88,132,239,269,159,94,8,0,1139,31,53,87,68,83,189,253,206,143,24,2
강원도 양양군 현북면,4283033000,2597,71,90,165,184,246,449,686,426,240,38,2,1339,36,52,102,113,146,222,364,199,96,9,0,1258,35,38,63,71,100,227,322,227,144,29,2
강원도 양양군 현남면,4283034000,2975,87,114,147,207,305,484,750,507,315,56,3,1532,41,58,90,115,197,279,395,246,107,4,0,1443,46,56,57,92,108,205,355,261,208,52,3
강원도 양양군 강현면,4283035000,4575,183,214,413,315,464,906,1108,622,294,55,1,2335,100,112,237,189,262,482,555,287,94,17,0,2240,83,102,176,126,202,424,553,335,200,38,1
충청북도  ,4300000000,1597019,117375,146547,194924,190993,236989,270634,240966,119947,68819,9532,293,810261,59953,76115,108548,101974,122706,139470,121051,54493,23832,2067,52,786758,57422,70432,86376,89019,114283,131164,119915,65454,44987,7465,241
충청북도 청주시 ,4311000000,849024,71372,84813,119241,118102,135727,137986,105408,47881,24886,3501,107,428124,36401,43948,65059,62246,68814,69138,51690,21571,8531,710,16,420900,34971,40865,54182,55856,66913,68848,53718,26310,16355,2791,91
충청북도 청주시 상당구 ,4311100000,194013,15971,19684,24557,23471,30457,33458,26318,12410,6681,975,31,96396,8110,10188,13266,11987,15090,16665,13023,5578,2272,214,3,97617,7861,9496,11291,11484,15367,16793,13295,6832,4409,761,28
충청북도 청주시 상당구 낭성면,4311131000,2223,51,50,154,125,162,431,634,327,247,39,3,1167,28,26,91,70,100,229,362,165,86,10,0,1056,23,24,63,55,62,202,272,162,161,29,3
충청북도 청주시 상당구 미원면,4311132000,4897,102,179,291,289,377,833,1378,800,551,93,4,2513,49,93,168,182,234,463,726,388,186,23,1,2384,53,86,123,107,143,370,652,412,365,70,3
충청북도 청주시 상당구 가덕면,4311133000,3874,88,115,300,211,357,822,995,567,370,49,0,1974,43,61,177,112,205,447,536,271,112,10,0,1900,45,54,123,99,152,375,459,296,258,39,0
충청북도 청주시 상당구 남일면,4311134000,6828,384,441,695,675,783,1301,1390,618,470,67,4,3485,191,226,418,375,418,662,737,283,153,22,0,3343,193,215,277,300,365,639,653,335,317,45,4
충청북도 청주시 상당구 문의면,4311135000,3901,83,178,292,215,353,740,901,601,464,70,4,2026,41,102,165,128,221,427,480,283,159,19,1,1875,42,76,127,87,132,313,421,318,305,51,3
충청북도 청주시 상당구 중앙동,4311152500,6943,369,525,1058,859,918,1100,1039,640,389,43,3,3391,198,277,523,461,467,544,486,283,145,7,0,3552,171,248,535,398,451,556,553,357,244,36,3
충청북도 청주시 상당구 성안동,4311154500,6864,238,364,973,696,794,1161,1329,782,452,75,0,3526,129,189,556,412,445,614,640,334,188,19,0,3338,109,175,417,284,349,547,689,448,264,56,0
충청북도 청주시 상당구 탑대성동,4311162000,8630,386,645,1001,760,1157,1570,1558,983,491,76,3,4219,189,326,566,430,592,780,702,435,184,14,1,4411,197,319,435,330,565,790,856,548,307,62,2
충청북도 청주시 상당구 영운동,4311167000,10541,575,852,1243,1147,1481,1895,1831,1017,441,58,1,5226,288,430,666,604,788,981,861,430,164,14,0,5315,287,422,577,543,693,914,970,587,277,44,1
충청북도 청주시 상당구 금천동,4311168000,31083,2520,3736,4080,3410,5418,5258,3818,1894,841,107,1,15088,1289,1898,2149,1688,2589,2573,1754,834,294,20,0,15995,1231,1838,1931,1722,2829,2685,2064,1060,547,87,1
충청북도 청주시 상당구 용담.명암.산성동,4311169000,13417,1461,1968,1483,1514,2501,2154,1351,642,301,40,2,6612,748,1025,800,715,1174,1090,653,289,107,11,0,6805,713,943,683,799,1327,1064,698,353,194,29,2
충청북도 청주시 상당구 용암1동,4311172000,54889,5381,6329,7544,7601,9430,9339,5977,2124,997,164,3,27486,2721,3322,4063,3834,4612,4624,3036,950,298,26,0,27403,2660,3007,3481,3767,4818,4715,2941,1174,699,138,3
충청북도 청주시 상당구 용암2동,4311173000,39923,4333,4302,5443,5969,6726,6854,4117,1415,667,94,3,19683,2196,2213,2924,2976,3245,3231,2050,633,196,19,0,20240,2137,2089,2519,2993,3481,3623,2067,782,471,75,3
충청북도 청주시 서원구 ,4311200000,192748,12799,19430,28122,22217,29669,33725,26952,12542,6389,881,22,95826,6526,10097,15280,11601,14659,16614,13023,5587,2261,175,3,96922,6273,9333,12842,10616,15010,17111,13929,6955,4128,706,19
충청북도 청주시 서원구 남이면,4311231000,10116,627,627,1082,1114,1206,2084,1939,846,523,67,1,5283,295,326,635,616,641,1107,1049,415,185,13,1,4833,332,301,447,498,565,977,890,431,338,54,0
충청북도 청주시 서원구 현도면,4311232000,3262,74,114,182,203,314,565,807,535,392,73,3,1701,44,64,106,121,201,315,442,265,132,11,0,1561,30,50,76,82,113,250,365,270,260,62,3
충청북도 청주시 서원구 사직1동,4311251000,6758,269,431,810,655,877,1339,1289,671,365,51,1,3473,124,208,465,362,485,711,675,291,142,10,0,3285,145,223,345,293,392,628,614,380,223,41,1
충청북도 청주시 서원구 사직2동,4311252000,13817,1307,1378,1549,1791,2052,2201,2106,885,473,73,2,6749,677,687,803,874,1033,1028,1039,417,180,11,0,7068,630,691,746,917,1019,1173,1067,468,293,62,2
충청북도 청주시 서원구 사창동,4311253000,14688,608,929,3467,1961,1812,2077,2083,1203,507,40,1,7342,309,476,1811,1142,956,973,921,537,205,12,0,7346,299,453,1656,819,856,1104,1162,666,302,28,1
충청북도 청주시 서원구 모충동,4311254000,14679,627,978,2359,1598,1857,2568,2695,1289,622,85,1,7386,315,493,1282,899,1024,1301,1264,569,222,17,0,7293,312,485,1077,699,833,1267,1431,720,400,68,1
충청북도 청주시 서원구 산남동,4311255000,26428,2255,3844,3663,3081,4969,4619,2401,1033,487,75,1,13176,1143,1963,2009,1510,2344,2356,1189,476,166,20,0,13252,1112,1881,1654,1571,2625,2263,1212,557,321,55,1
충청북도 청주시 서원구 분평동,4311256000,30300,2342,3926,4394,3280,5378,5593,3105,1384,793,104,1,14741,1180,2068,2401,1637,2423,2750,1460,542,263,17,0,15559,1162,1858,1993,1643,2955,2843,1645,842,530,87,1
충청북도 청주시 서원구 수곡1동,4311257000,13282,488,903,1971,1327,1660,2389,2475,1329,669,68,3,6727,258,496,1139,742,880,1172,1179,593,254,14,0,6555,230,407,832,585,780,1217,1296,736,415,54,3
충청북도 청주시 서원구 수곡2동,4311258000,15963,887,1371,1961,1732,2080,3124,2773,1283,642,108,2,7855,454,722,1073,924,1071,1466,1389,541,190,25,0,8108,433,649,888,808,1009,1658,1384,742,452,83,2
충청북도 청주시 서원구 성화.개신.죽림동,4311259000,43455,3315,4929,6684,5475,7464,7166,5279,2084,916,137,6,21393,1727,2594,3556,2774,3601,3435,2416,941,322,25,2,22062,1588,2335,3128,2701,3863,3731,2863,1143,594,112,4
충청북도 청주시 흥덕구 ,4311300000,267725,23523,26342,40679,41467,43166,43031,30049,12458,6129,859,22,135910,11993,13637,22055,21902,21943,21582,14838,5686,2108,162,4,131815,11530,12705,18624,19565,21223,21449,15211,6772,4021,697,18
충청북도 청주시 흥덕구 오송읍,4311325000,24111,2180,2384,3331,3977,4157,3317,2619,1334,701,110,1,11984,1118,1208,1608,2005,2149,1725,1307,597,241,26,0,12127,1062,1176,1723,1972,2008,1592,1312,737,460,84,1
충청북도 청주시 흥덕구 강내면,4311331000,10794,652,1024,1395,1097,1557,2035,1670,829,482,53,0,5546,319,526,762,605,823,1065,874,409,158,5,0,5248,333,498,633,492,734,970,796,420,324,48,0
충청북도 청주시 흥덕구 옥산면,4311332000,17958,2262,1277,1827,3430,2637,2672,2222,995,561,72,3,9196,1132,694,998,1786,1427,1371,1113,470,191,13,1,8762,1130,583,829,1644,1210,1301,1109,525,370,59,2
충청북도 청주시 흥덕구 운천.신봉동,4311370000,16786,813,1420,2447,1840,2336,3372,2729,1149,587,90,3,8326,427,732,1325,1008,1169,1587,1329,540,190,18,1,8460,386,688,1122,832,1167,1785,1400,609,397,72,2
충청북도 청주시 흥덕구 복대1동,4311374100,50696,5552,6419,7183,8281,9896,7363,3813,1429,671,89,0,25847,2823,3359,3915,4259,4909,3845,1861,626,238,12,0,24849,2729,3060,3268,4022,4987,3518,1952,803,433,77,0
충청북도 청주시 흥덕구 복대2동,4311374200,15890,598,1023,3301,1894,1975,2790,2512,1236,508,52,1,8124,322,536,1904,1094,1030,1342,1162,546,182,6,0,7766,276,487,1397,800,945,1448,1350,690,326,46,1
충청북도 청주시 흥덕구 가경동,4311374700,55623,4891,6780,7688,7158,9274,10174,6365,2171,970,146,6,27207,2509,3469,4127,3516,4318,4809,3101,975,350,33,0,28416,2382,3311,3561,3642,4956,5365,3264,1196,620,113,6
충청북도 청주시 흥덕구 봉명1동,4311375100,9698,441,560,2052,1636,1285,1536,1307,614,237,28,2,5136,223,294,1061,971,731,809,680,273,88,5,1,4562,218,266,991,665,554,727,627,341,149,23,1
충청북도 청주시 흥덕구 봉명2.송정동,4311375600,24094,1605,2217,4243,3965,3800,3985,2731,1014,460,72,2,12878,800,1139,2385,2353,2080,2078,1372,490,163,17,1,11216,805,1078,1858,1612,1720,1907,1359,524,297,55,1
충청북도 청주시 흥덕구 강서제1동,4311376000,28471,1971,2226,5339,4678,4251,4537,3270,1365,709,121,4,14443,1016,1141,2827,2485,2209,2292,1602,614,235,22,0,14028,955,1085,2512,2193,2042,2245,1668,751,474,99,4
충청북도 청주시 흥덕구 강서제2동,4311377000,13604,2558,1012,1873,3511,1998,1250,811,322,243,26,0,7223,1304,539,1143,1820,1098,659,437,146,72,5,0,6381,1254,473,730,1691,900,591,374,176,171,21,0
충청북도 청주시 청원구 ,4311400000,194538,19079,19357,25883,30947,32435,27772,22089,10471,5687,786,32,99992,9772,10026,14458,16756,17122,14277,10806,4720,1890,159,6,94546,9307,9331,11425,14191,15313,13495,11283,5751,3797,627,26
충청북도 청주시 청원구 내수읍,4311425000,19211,1366,1813,2244,1945,2996,3559,2868,1429,852,133,6,9880,701,945,1340,1050,1596,1881,1458,632,245,31,1,9331,665,868,904,895,1400,1678,1410,797,607,102,5
충청북도 청주시 청원구 오창읍,4311425300,70519,9746,7600,8863,15237,13008,7552,5051,2149,1135,175,3,37622,4974,3926,5201,8398,7029,4170,2521,1009,364,30,0,32897,4772,3674,3662,6839,5979,3382,2530,1140,771,145,3
충청북도 청주시 청원구 북이면,4311431000,4556,79,152,334,298,401,842,1189,686,504,64,7,2441,41,79,207,202,269,501,653,312,163,12,2,2115,38,73,127,96,132,341,536,374,341,52,5
충청북도 청주시 청원구 우암동,4311451000,12317,496,733,2106,1477,1471,2017,2030,1235,685,63,4,6219,257,358,1116,835,827,1071,967,531,241,16,0,6098,239,375,990,642,644,946,1063,704,444,47,4
충청북도 청주시 청원구 내덕1동,4311452000,8488,307,536,1062,784,1127,1495,1650,979,487,59,2,4292,143,295,604,467,627,771,751,430,194,8,2,4196,164,241,458,317,500,724,899,549,293,51,0
충청북도 청주시 청원구 내덕2동,4311453000,13396,815,1074,2041,1614,1977,2236,1942,1108,536,52,1,6856,450,542,1106,922,1046,1113,953,507,205,12,0,6540,365,532,935,692,931,1123,989,601,331,40,1
충청북도 청주시 청원구 율량.사천동,4311454000,47713,4009,5034,7336,6793,7843,7760,5615,2106,1043,168,6,23649,2056,2651,3903,3566,3876,3601,2673,948,340,34,1,24064,1953,2383,3433,3227,3967,4159,2942,1158,703,134,5
충청북도 청주시 청원구 오근장동,4311455000,18338,2261,2415,1897,2799,3612,2311,1744,779,445,72,3,9033,1150,1230,981,1316,1852,1169,830,351,138,16,0,9305,1111,1185,916,1483,1760,1142,914,428,307,56,3
충청북도 충주시 ,4313000000,209484,13808,18511,23716,22880,30188,36983,34369,17145,10477,1370,37,105959,6959,9608,13672,12436,15522,18952,17192,7686,3607,316,9,103525,6849,8903,10044,10444,14666,18031,17177,9459,6870,1054,28
충청북도 충주시 주덕읍,4313025000,4824,93,201,361,295,452,994,1245,648,478,56,1,2475,55,103,220,186,276,534,641,283,166,11,0,2349,38,98,141,109,176,460,604,365,312,45,1
충청북도 충주시 살미면,4313031000,2009,32,60,108,93,154,395,619,326,182,39,1,1022,11,34,62,57,87,212,319,170,62,8,0,987,21,26,46,36,67,183,300,156,120,31,1
충청북도 충주시 수안보면,4313032500,2917,64,109,175,132,225,575,831,474,291,41,0,1480,28,64,117,74,131,325,427,216,89,9,0,1437,36,45,58,58,94,250,404,258,202,32,0
충청북도 충주시 대소원면,4313033500,9008,579,432,1410,1434,1206,1493,1391,593,415,52,3,5086,292,224,920,909,710,847,740,287,141,16,0,3922,287,208,490,525,496,646,651,306,274,36,3
충청북도 충주시 신니면,4313035000,2929,35,92,158,150,194,545,848,469,388,48,2,1507,17,47,99,97,129,303,452,205,143,14,1,1422,18,45,59,53,65,242,396,264,245,34,1
충청북도 충주시 노은면,4313036000,2253,43,85,112,103,160,368,664,384,287,44,3,1149,20,55,67,61,115,190,333,195,100,12,1,1104,23,30,45,42,45,178,331,189,187,32,2
충청북도 충주시 앙성면,4313037000,3937,57,113,236,170,294,766,1157,642,430,71,1,2029,38,61,155,107,165,418,602,313,156,14,0,1908,19,52,81,63,129,348,555,329,274,57,1
충청북도 충주시 중앙탑면,4313038500,13614,2036,1048,1489,3056,2230,1556,1249,547,350,53,0,6984,1014,520,836,1637,1199,778,625,248,109,18,0,6630,1022,528,653,1419,1031,778,624,299,241,35,0
충청북도 충주시 금가면,4313039000,3802,318,275,536,443,497,510,606,340,250,27,0,2059,155,141,367,254,285,295,311,147,96,8,0,1743,163,134,169,189,212,215,295,193,154,19,0
충청북도 충주시 동량면,4313040000,3612,85,171,249,160,307,701,941,529,402,65,2,1828,33,78,148,88,185,380,505,248,151,11,1,1784,52,93,101,72,122,321,436,281,251,54,1
충청북도 충주시 산척면,4313041000,2250,45,80,117,116,180,422,607,360,285,37,1,1157,28,43,76,71,100,218,323,168,116,13,1,1093,17,37,41,45,80,204,284,192,169,24,0
충청북도 충주시 엄정면,4313042000,3096,67,126,160,136,243,531,913,473,397,47,3,1562,38,71,88,76,142,284,492,214,141,14,2,1534,29,55,72,60,101,247,421,259,256,33,1
충청북도 충주시 소태면,4313043000,1947,60,71,97,115,126,339,554,310,248,27,0,991,30,40,59,62,74,174,301,149,96,6,0,956,30,31,38,53,52,165,253,161,152,21,0
충청북도 충주시 성내.충인동,4313051500,2670,85,161,268,203,342,461,548,348,220,34,0,1324,40,79,158,123,191,251,254,141,84,3,0,1346,45,82,110,80,151,210,294,207,136,31,0
충청북도 충주시 교현.안림동,4313053500,23298,1550,2458,2635,2361,3545,4338,3595,1727,976,109,4,11603,791,1280,1493,1246,1792,2158,1761,750,300,31,1,11695,759,1178,1142,1115,1753,2180,1834,977,676,78,3
충청북도 충주시 교현2동,4313054000,6843,234,511,810,579,906,1227,1293,798,434,50,1,3478,112,264,477,359,474,646,639,356,142,9,0,3365,122,247,333,220,432,581,654,442,292,41,1
충청북도 충주시 용산동,4313055000,15170,1148,1983,1794,1569,2762,2651,1844,880,478,59,2,7438,558,1061,991,790,1310,1296,878,371,173,10,0,7732,590,922,803,779,1452,1355,966,509,305,49,2
충청북도 충주시 지현동,4313056000,5141,231,473,528,418,721,918,911,573,327,41,0,2560,121,244,294,231,376,468,435,249,133,9,0,2581,110,229,234,187,345,450,476,324,194,32,0
충청북도 충주시 문화동,4313057100,9379,310,659,1038,763,1125,1680,2043,1072,610,77,2,4705,158,336,566,428,628,857,986,482,245,18,1,4674,152,323,472,335,497,823,1057,590,365,59,1
충청북도 충주시 호암.직동,4313058000,19857,2107,2492,2409,3017,3634,2975,1979,784,403,56,1,9885,1066,1272,1333,1533,1768,1482,958,348,121,4,0,9972,1041,1220,1076,1484,1866,1493,1021,436,282,52,1
충청북도 충주시 달천동,4313060500,3751,95,156,527,262,405,700,828,462,285,31,0,2026,45,92,312,173,249,392,461,204,94,4,0,1725,50,64,215,89,156,308,367,258,191,27,0
충청북도 충주시 봉방동,4313061000,9243,489,719,1085,962,1364,1712,1618,883,368,41,2,4800,248,362,620,539,739,946,786,415,137,8,0,4443,241,357,465,423,625,766,832,468,231,33,2
충청북도 충주시 칠금.금릉동,4313062500,14502,937,1683,1869,1400,2338,2883,1953,897,482,58,2,7134,477,880,1009,741,1083,1437,945,395,153,14,0,7368,460,803,860,659,1255,1446,1008,502,329,44,2
충청북도 충주시 연수동,4313063000,36844,2557,3682,4798,4166,5683,7007,5293,2232,1255,167,4,18248,1290,1899,2760,2188,2747,3405,2583,946,391,39,0,18596,1267,1783,2038,1978,2936,3602,2710,1286,864,128,4
충청북도 충주시 목행.용탄동,4313064000,6588,551,671,747,777,1095,1236,839,394,236,40,2,3429,294,358,445,406,567,656,435,186,68,13,1,3159,257,313,302,371,528,580,404,208,168,27,1
충청북도 제천시 ,4315000000,131810,8214,11360,14380,12383,17707,23508,24365,12297,6716,836,44,66258,4220,5884,8050,6555,9102,12019,12198,5588,2442,193,7,65552,3994,5476,6330,5828,8605,11489,12167,6709,4274,643,37
충청북도 제천시 봉양읍,4315025000,6704,234,330,461,384,658,1265,1799,918,572,82,1,3429,124,168,262,215,375,669,941,444,214,17,0,3275,110,162,199,169,283,596,858,474,358,65,1
충청북도 제천시 금성면,4315031000,1907,41,86,108,96,128,353,567,270,218,34,6,1018,28,53,66,59,71,196,320,139,76,9,1,889,13,33,42,37,57,157,247,131,142,25,5
충청북도 제천시 청풍면,4315032000,1275,20,46,68,61,76,251,382,204,154,13,0,657,14,22,37,43,47,134,202,99,55,4,0,618,6,24,31,18,29,117,180,105,99,9,0
충청북도 제천시 수산면,4315033000,2012,37,61,69,71,130,380,626,379,233,26,0,1053,20,32,49,48,82,199,338,194,85,6,0,959,17,29,20,23,48,181,288,185,148,20,0
충청북도 제천시 덕산면,4315034000,2161,70,185,68,84,160,351,603,385,219,36,0,1102,42,99,43,42,101,186,320,186,78,5,0,1059,28,86,25,42,59,165,283,199,141,31,0
충청북도 제천시 한수면,4315035000,706,19,39,32,34,70,141,192,94,71,13,1,360,8,21,24,20,40,79,100,39,24,4,1,346,11,18,8,14,30,62,92,55,47,9,0
충청북도 제천시 백운면,4315036000,3334,81,137,165,134,224,603,1046,521,379,44,0,1720,47,77,104,74,133,313,557,262,143,10,0,1614,34,60,61,60,91,290,489,259,236,34,0
충청북도 제천시 송학면,4315038000,4635,104,197,336,241,376,859,1308,703,438,68,5,2435,49,113,213,159,231,442,703,338,165,20,2,2200,55,84,123,82,145,417,605,365,273,48,3
충청북도 제천시 교동,4315051000,18541,1487,2236,2252,1865,3121,3497,2442,1075,510,51,5,9147,767,1128,1217,929,1481,1762,1218,456,179,10,0,9394,720,1108,1035,936,1640,1735,1224,619,331,41,5
충청북도 제천시 의림지동,4315051800,9936,768,1085,1263,965,1599,1785,1448,626,339,57,1,4911,419,543,686,481,786,891,710,268,113,14,0,5025,349,542,577,484,813,894,738,358,226,43,1
충청북도 제천시 중앙동,4315052800,5771,242,376,653,452,710,981,1245,731,342,38,1,2861,114,199,343,254,366,508,586,336,145,9,1,2910,128,177,310,198,344,473,659,395,197,29,0
충청북도 제천시 남현동,4315053700,4929,186,297,571,397,528,897,1136,632,262,22,1,2474,90,156,339,233,282,460,513,294,101,6,0,2455,96,141,232,164,246,437,623,338,161,16,1
충청북도 제천시 영서동,4315054700,10164,773,889,1027,1075,1429,1750,1703,954,501,57,6,5086,406,471,572,538,765,890,821,418,188,16,1,5078,367,418,455,537,664,860,882,536,313,41,5
충청북도 제천시 용두동,4315056000,17902,1275,1765,2608,2123,2632,3103,2583,1092,647,72,2,8929,636,898,1431,1135,1312,1545,1329,436,192,15,0,8973,639,867,1177,988,1320,1558,1254,656,455,57,2
충청북도 제천시 신백동,4315057700,11153,666,1152,1354,996,1680,2150,1723,901,469,56,6,5584,335,598,768,525,804,1131,869,377,162,14,1,5569,331,554,586,471,876,1019,854,524,307,42,5
충청북도 제천시 청전동,4315059000,15454,627,1071,1826,1382,1844,2799,3388,1677,738,97,5,7777,313,584,1043,787,984,1366,1605,796,281,18,0,7677,314,487,783,595,860,1433,1783,881,457,79,5
충청북도 제천시 화산동,4315060500,15226,1584,1408,1519,2023,2342,2343,2174,1135,624,70,4,7715,808,722,853,1013,1242,1248,1066,506,241,16,0,7511,776,686,666,1010,1100,1095,1108,629,383,54,4
충청북도 보은군 ,4372000000,31862,1343,2023,2237,2025,3143,5589,7339,4446,3201,502,14,16032,691,1061,1332,1097,1749,3109,3774,2032,1075,112,0,15830,652,962,905,928,1394,2480,3565,2414,2126,390,14
충청북도 보은군 보은읍,4372025000,14757,951,1306,1326,1227,1883,2629,2740,1524,1013,151,7,7331,466,697,757,611,981,1398,1351,685,346,39,0,7426,485,609,569,616,902,1231,1389,839,667,112,7
충청북도 보은군 속리산면,4372031500,1861,30,77,114,72,135,384,518,328,172,31,0,962,17,35,72,45,87,212,277,141,68,8,0,899,13,42,42,27,48,172,241,187,104,23,0
충청북도 보은군 장안면,4372032500,1473,81,73,105,139,157,233,304,200,159,21,1,781,44,29,73,87,94,148,155,93,53,5,0,692,37,44,32,52,63,85,149,107,106,16,1
충청북도 보은군 마로면,4372033000,2145,47,91,77,77,144,353,590,415,307,42,2,1027,25,47,44,46,82,198,291,183,98,13,0,1118,22,44,33,31,62,155,299,232,209,29,2
충청북도 보은군 탄부면,4372034000,1617,18,48,73,63,101,247,439,325,267,36,0,796,12,24,46,41,67,147,216,146,89,8,0,821,6,24,27,22,34,100,223,179,178,28,0
충청북도 보은군 삼승면,4372035000,2283,55,119,154,160,179,369,557,379,281,29,1,1161,31,62,97,108,109,213,275,166,97,3,0,1122,24,57,57,52,70,156,282,213,184,26,1
충청북도 보은군 수한면,4372036000,1883,42,84,110,71,151,298,548,298,234,46,1,949,25,39,59,41,89,165,304,148,74,5,0,934,17,45,51,30,62,133,244,150,160,41,1
충청북도 보은군 회남면,4372037000,734,20,27,21,15,56,121,240,131,89,14,0,401,12,15,13,9,36,77,130,74,34,1,0,333,8,12,8,6,20,44,110,57,55,13,0
충청북도 보은군 회인면,4372038500,1726,42,66,80,56,103,312,479,307,240,40,1,863,23,33,55,26,71,181,257,143,67,7,0,863,19,33,25,30,32,131,222,164,173,33,1
충청북도 보은군 내북면,4372039000,1639,31,62,81,74,102,308,439,274,220,47,1,842,20,35,58,40,63,177,246,116,74,13,0,797,11,27,23,34,39,131,193,158,146,34,1
충청북도 보은군 산외면,4372040000,1744,26,70,96,71,132,335,485,265,219,45,0,919,16,45,58,43,70,193,272,137,75,10,0,825,10,25,38,28,62,142,213,128,144,35,0
충청북도 옥천군 ,4373000000,50184,2427,3768,4139,3718,6023,8828,10450,6365,3840,613,13,25287,1248,2008,2352,1922,3231,4757,5342,2973,1306,147,1,24897,1179,1760,1787,1796,2792,4071,5108,3392,2534,466,12
충청북도 옥천군 옥천읍,4373025000,29098,2001,2981,3070,2704,4419,5026,4638,2739,1318,199,3,14550,1033,1587,1696,1349,2244,2643,2245,1224,490,39,0,14548,968,1394,1374,1355,2175,2383,2393,1515,828,160,3
충청북도 옥천군 동이면,4373031000,3224,88,118,202,170,273,611,881,489,332,59,1,1652,46,60,131,90,156,334,476,237,105,17,0,1572,42,58,71,80,117,277,405,252,227,42,1
충청북도 옥천군 안남면,4373032000,1400,38,66,49,66,92,252,372,251,174,40,0,700,21,35,32,41,57,133,199,121,52,9,0,700,17,31,17,25,35,119,173,130,122,31,0
충청북도 옥천군 안내면,4373033000,1906,37,64,87,73,144,313,543,340,267,36,2,976,20,32,54,42,92,184,285,169,86,11,1,930,17,32,33,31,52,129,258,171,181,25,1
충청북도 옥천군 청성면,4373034000,2359,35,63,76,76,127,424,698,426,372,59,3,1179,16,35,50,36,82,235,388,204,113,20,0,1180,19,28,26,40,45,189,310,222,259,39,3
충청북도 옥천군 청산면,4373035000,2962,43,141,116,108,207,471,844,580,398,52,2,1429,16,76,68,58,121,268,427,265,117,13,0,1533,27,65,48,50,86,203,417,315,281,39,2
충청북도 옥천군 이원면,4373036000,4068,84,163,237,232,349,725,1048,702,448,80,0,2095,38,93,138,143,232,397,553,344,139,18,0,1973,46,70,99,89,117,328,495,358,309,62,0
충청북도 옥천군 군서면,4373037000,2181,42,70,125,118,153,398,584,388,263,40,0,1139,26,34,73,65,102,223,317,195,96,8,0,1042,16,36,52,53,51,175,267,193,167,32,0
충청북도 옥천군 군북면,4373038000,2986,59,102,177,171,259,608,842,450,268,48,2,1567,32,56,110,98,145,340,452,214,108,12,0,1419,27,46,67,73,114,268,390,236,160,36,2
충청북도 영동군 ,4374000000,45874,2117,3206,3858,2976,4969,8105,9737,6385,3975,531,15,22861,1081,1670,2168,1575,2680,4333,5034,2820,1387,111,2,23013,1036,1536,1690,1401,2289,3772,4703,3565,2588,420,13
충청북도 영동군 영동읍,4374025000,20175,1438,1954,2334,1828,2883,3467,3195,1942,1019,112,3,9963,725,1014,1257,930,1457,1785,1598,828,353,16,0,10212,713,940,1077,898,1426,1682,1597,1114,666,96,3
충청북도 영동군 용산면,4374031000,3233,77,147,228,160,267,620,856,493,339,44,2,1641,41,69,127,94,150,350,451,242,108,9,0,1592,36,78,101,66,117,270,405,251,231,35,2
충청북도 영동군 황간면,4374032000,4232,153,298,258,238,395,755,1032,652,404,46,1,2135,86,162,147,127,224,413,538,286,143,9,0,2097,67,136,111,111,171,342,494,366,261,37,1
충청북도 영동군 추풍령면,4374033500,2218,41,100,126,91,196,420,559,396,251,35,3,1105,20,53,71,52,113,233,279,188,88,7,1,1113,21,47,55,39,83,187,280,208,163,28,2
충청북도 영동군 매곡면,4374034000,1900,46,88,106,73,146,337,484,319,265,35,1,952,24,47,69,43,92,188,250,139,90,10,0,948,22,41,37,30,54,149,234,180,175,25,1
충청북도 영동군 상촌면,4374035000,2295,58,98,98,88,163,364,623,459,289,53,2,1123,25,57,58,50,99,208,321,202,94,8,1,1172,33,41,40,38,64,156,302,257,195,45,1
충청북도 영동군 양강면,4374036000,3138,92,162,278,142,258,612,733,504,325,31,1,1594,39,94,178,78,149,333,388,217,110,8,0,1544,53,68,100,64,109,279,345,287,215,23,1
충청북도 영동군 용화면,4374037000,975,29,47,40,28,65,193,246,172,137,17,1,482,17,26,21,16,35,114,136,67,46,4,0,493,12,21,19,12,30,79,110,105,91,13,1
충청북도 영동군 학산면,4374038000,2750,69,101,138,109,186,460,760,509,358,59,1,1383,39,44,92,59,122,249,396,231,139,12,0,1367,30,57,46,50,64,211,364,278,219,47,1
충청북도 영동군 양산면,4374039000,1816,33,81,89,64,160,330,422,358,230,49,0,903,23,40,51,43,95,169,239,149,82,12,0,913,10,41,38,21,65,161,183,209,148,37,0
충청북도 영동군 심천면,4374040000,3142,81,130,163,155,250,547,827,581,358,50,0,1580,42,64,97,83,144,291,438,271,134,16,0,1562,39,66,66,72,106,256,389,310,224,34,0
충청북도 증평군 ,4374500000,36351,2952,3352,4403,4373,5440,6030,5367,2691,1551,190,2,18947,1542,1748,2616,2423,2927,3196,2693,1223,536,43,0,17404,1410,1604,1787,1950,2513,2834,2674,1468,1015,147,2
충청북도 증평군 증평읍,4374525000,34529,2909,3283,4275,4285,5265,5710,4897,2408,1335,160,2,17989,1517,1713,2535,2372,2819,3020,2436,1078,463,36,0,16540,1392,1570,1740,1913,2446,2690,2461,1330,872,124,2
충청북도 증평군 도안면,4374531000,1822,43,69,128,88,175,320,470,283,216,30,0,958,25,35,81,51,108,176,257,145,73,7,0,864,18,34,47,37,67,144,213,138,143,23,0
충청북도 진천군 ,4375000000,85104,7437,8372,9241,11423,13778,13865,11348,5510,3632,484,14,44663,3832,4342,5372,6296,7474,7611,5838,2553,1243,97,5,40441,3605,4030,3869,5127,6304,6254,5510,2957,2389,387,9
충청북도 진천군 진천읍,4375025000,30152,2025,3297,3928,3062,4916,5373,4082,2074,1232,160,3,15507,1062,1708,2249,1646,2556,2902,1986,935,425,36,2,14645,963,1589,1679,1416,2360,2471,2096,1139,807,124,1
충청북도 진천군 덕산읍,4375025300,29572,4321,3177,3065,6126,5627,3535,2236,858,554,71,2,15617,2222,1618,1711,3307,3086,1929,1144,388,194,18,0,13955,2099,1559,1354,2819,2541,1606,1092,470,360,53,2
충청북도 진천군 덕산읍혁신도시출장소,4375025400,0,0,0,0,0,0,0,0,0,0,0,0,0,0,0,0,0,0,0,0,0,0,0,0,0,0,0,0,0,0,0,0,0,0,0,0
충청북도 진천군 초평면,4375032000,3109,71,162,192,171,276,575,780,449,379,51,3,1612,35,83,121,110,169,339,415,216,114,10,0,1497,36,79,71,61,107,236,365,233,265,41,3
충청북도 진천군 문백면,4375033000,3452,111,139,233,245,323,711,839,467,340,43,1,1806,48,68,147,150,198,384,466,223,115,6,1,1646,63,71,86,95,125,327,373,244,225,37,0
충청북도 진천군 백곡면,4375034000,2090,47,77,93,115,161,374,583,330,269,37,4,1069,27,39,61,62,99,216,301,161,95,7,1,1021,20,38,32,53,62,158,282,169,174,30,3
충청북도 진천군 이월면,4375035000,6184,187,385,522,498,704,1197,1424,700,497,69,1,3285,97,207,319,316,398,667,771,335,165,9,1,2899,90,178,203,182,306,530,653,365,332,60,0
충청북도 진천군 광혜원면,4375037000,10545,675,1135,1208,1206,1771,2100,1404,632,361,53,0,5767,341,619,764,705,968,1174,755,295,135,11,0,4778,334,516,444,501,803,926,649,337,226,42,0
충청북도 괴산군 ,4376000000,36887,1187,1867,2532,2196,3577,7025,9249,5301,3459,479,15,18957,599,959,1483,1253,2065,3842,4929,2498,1223,103,3,17930,588,908,1049,943,1512,3183,4320,2803,2236,376,12
충청북도 괴산군 괴산읍,4376025000,9595,561,844,1074,921,1391,1673,1615,927,532,56,1,4900,285,429,607,491,750,929,801,399,197,12,0,4695,276,415,467,430,641,744,814,528,335,44,1
충청북도 괴산군 감물면,4376031000,2072,54,115,109,96,169,398,571,296,226,38,0,1083,25,57,63,60,106,223,314,139,88,8,0,989,29,58,46,36,63,175,257,157,138,30,0
충청북도 괴산군 장연면,4376032000,1901,46,58,97,66,148,400,559,285,214,28,0,973,27,29,60,36,79,227,310,121,80,4,0,928,19,29,37,30,69,173,249,164,134,24,0
충청북도 괴산군 연풍면,4376033000,2263,36,74,117,98,176,412,676,365,270,37,2,1173,14,44,70,61,110,212,375,176,103,7,1,1090,22,30,47,37,66,200,301,189,167,30,1
충청북도 괴산군 칠성면,4376034000,3074,74,126,197,174,277,656,766,470,293,41,0,1556,31,60,102,104,165,368,418,215,84,9,0,1518,43,66,95,70,112,288,348,255,209,32,0
충청북도 괴산군 문광면,4376035000,2164,50,94,125,116,186,411,558,359,225,38,2,1105,28,43,82,64,109,226,287,191,68,7,0,1059,22,51,43,52,77,185,271,168,157,31,2
충청북도 괴산군 청천면,4376036000,5092,106,192,231,217,369,1034,1498,838,521,80,6,2651,56,110,156,124,212,555,818,415,186,18,1,2441,50,82,75,93,157,479,680,423,335,62,5
충청북도 괴산군 청안면,4376037000,3311,80,112,172,152,247,674,943,513,361,56,1,1684,36,54,100,91,150,373,509,237,121,13,0,1627,44,58,72,61,97,301,434,276,240,43,1
충청북도 괴산군 사리면,4376039000,2699,66,100,187,141,249,503,667,456,295,34,1,1386,36,45,110,83,152,285,355,207,105,7,1,1313,30,55,77,58,97,218,312,249,190,27,0
충청북도 괴산군 소수면,4376040000,2039,52,58,95,108,164,360,620,346,199,35,2,1053,25,31,51,71,103,182,335,181,64,10,0,986,27,27,44,37,61,178,285,165,135,25,2
충청북도 괴산군 불정면,4376041000,2677,62,94,128,107,201,504,776,446,323,36,0,1393,36,57,82,68,129,262,407,217,127,8,0,1284,26,37,46,39,72,242,369,229,196,28,0
충청북도 음성군 ,4377000000,92086,5428,7398,9126,9104,13351,17372,16537,8154,4861,736,19,48796,2809,3878,5253,5187,7448,9648,8843,3876,1686,162,6,43290,2619,3520,3873,3917,5903,7724,7694,4278,3175,574,13
충청북도 음성군 음성읍,4377025000,16666,825,1339,1623,1415,2210,3126,3301,1737,955,133,2,8511,429,680,917,772,1207,1641,1700,800,331,33,1,8155,396,659,706,643,1003,1485,1601,937,624,100,1
충청북도 음성군 금왕읍,4377025300,19610,1163,1878,2136,1879,3199,3904,3117,1404,804,122,4,10500,612,1017,1270,1076,1735,2203,1635,631,288,32,1,9110,551,861,866,803,1464,1701,1482,773,516,90,3
충청북도 음성군 소이면,4377031000,2860,46,112,131,159,208,494,750,527,369,62,2,1465,24,61,78,108,132,269,397,248,136,12,0,1395,22,51,53,51,76,225,353,279,233,50,2
충청북도 음성군 원남면,4377032000,2996,60,106,156,163,213,513,851,516,353,63,2,1554,29,59,97,90,141,278,469,266,111,14,0,1442,31,47,59,73,72,235,382,250,242,49,2
충청북도 음성군 맹동면,4377033000,13046,1430,1133,1368,2280,2273,1809,1608,690,393,62,0,6915,736,591,717,1243,1244,990,905,335,142,12,0,6131,694,542,651,1037,1029,819,703,355,251,50,0
충청북도 음성군 대소면,4377034000,15691,1029,1504,1783,1628,2761,3275,2212,894,536,69,0,8590,527,793,1050,973,1522,1882,1228,426,173,16,0,7101,502,711,733,655,1239,1393,984,468,363,53,0
충청북도 음성군 삼성면,4377035000,6818,228,393,606,495,800,1502,1537,737,452,64,4,3792,135,209,377,303,501,880,859,362,151,13,2,3026,93,184,229,192,299,622,678,375,301,51,2
충청북도 음성군 생극면,4377036000,4494,157,214,338,288,462,875,1107,591,387,72,3,2425,85,110,215,183,285,504,596,290,145,11,1,2069,72,104,123,105,177,371,511,301,242,61,2
충청북도 음성군 감곡면,4377037000,9905,490,719,985,797,1225,1874,2054,1058,612,89,2,5044,232,358,532,439,681,1001,1054,518,209,19,1,4861,258,361,453,358,544,873,1000,540,403,70,1
충청북도 단양군 ,4380000000,28353,1090,1877,2051,1813,3086,5343,6797,3772,2221,290,13,14377,571,1009,1191,984,1694,2865,3518,1673,796,73,3,13976,519,868,860,829,1392,2478,3279,2099,1425,217,10
충청북도 단양군 단양읍,4380025000,10337,594,911,1053,943,1419,1898,1935,972,533,75,4,5169,301,466,585,506,744,1011,944,411,184,17,0,5168,293,445,468,437,675,887,991,561,349,58,4
충청북도 단양군 매포읍,4380025300,5229,232,400,420,372,654,954,1063,714,376,43,1,2714,131,222,259,214,368,530,535,306,139,9,1,2515,101,178,161,158,286,424,528,408,237,34,0
충청북도 단양군 대강면,4380031000,2463,62,93,124,88,191,477,709,406,266,44,3,1232,29,50,64,46,104,270,375,187,96,10,1,1231,33,43,60,42,87,207,334,219,170,34,2
충청북도 단양군 가곡면,4380032000,2066,45,131,105,72,170,384,604,335,195,24,1,1105,29,82,62,40,102,204,321,177,81,7,0,961,16,49,43,32,68,180,283,158,114,17,1
충청북도 단양군 영춘면,4380033000,3202,66,169,121,122,292,652,901,527,310,41,1,1532,32,94,82,60,149,326,441,227,112,9,0,1670,34,75,39,62,143,326,460,300,198,32,1
충청북도 단양군 어상천면,4380034000,1856,39,58,80,63,134,372,594,298,198,20,0,1022,23,40,56,32,87,199,352,142,84,7,0,834,16,18,24,31,47,173,242,156,114,13,0
충청북도 단양군 적성면,4380035000,1522,20,28,60,77,108,280,490,259,176,23,1,776,8,13,29,50,71,154,272,117,54,8,0,746,12,15,31,27,37,126,218,142,122,15,1
충청북도 단양군 단성면,4380036000,1678,32,87,88,76,118,326,501,261,167,20,2,827,18,42,54,36,69,171,278,106,46,6,1,851,14,45,34,40,49,155,223,155,121,14,1
충청남도  ,4400000000,2119529,163587,200859,238690,260233,325143,340365,299047,172222,103601,15323,459,1083419,83739,104284,131927,140298,173266,180771,150144,78965,36356,3594,75,1036110,79848,96575,106763,119935,151877,159594,148903,93257,67245,11729,384
충청남도 천안시 ,4413000000,658465,58924,67690,95353,102419,111540,103951,69655,30693,15826,2335,79,336545,30146,35076,50195,54598,57922,53368,35224,13994,5484,522,16,321920,28778,32614,45158,47821,53618,50583,34431,16699,10342,1813,63
충청남도 천안시 동남구 ,4413100000,255471,18907,25644,34631,31761,41839,43367,33902,15768,8355,1254,43,129473,9751,13349,18343,16773,21587,22068,17054,7283,2970,286,9,125998,9156,12295,16288,14988,20252,21299,16848,8485,5385,968,34
충청남도 천안시 동남구 목천읍,4413125000,24340,1565,2578,2861,2431,4298,4614,3283,1621,951,135,3,12446,816,1348,1591,1253,2235,2482,1649,722,322,27,1,11894,749,1230,1270,1178,2063,2132,1634,899,629,108,2
충청남도 천안시 동남구 풍세면,4413131000,4060,94,222,387,306,415,751,966,527,334,57,1,2238,56,117,249,196,264,432,518,269,124,13,0,1822,38,105,138,110,151,319,448,258,210,44,1
충청남도 천안시 동남구 광덕면,4413132000,4300,108,182,334,287,426,839,1109,562,375,75,3,2172,52,99,202,154,233,436,589,269,123,14,1,2128,56,83,132,133,193,403,520,293,252,61,2
충청남도 천안시 동남구 북면,4413133000,4356,118,220,389,316,507,837,1041,510,348,69,1,2279,62,118,243,189,277,464,529,255,128,13,1,2077,56,102,146,127,230,373,512,255,220,56,0
충청남도 천안시 동남구 성남면,4413134000,3091,65,151,230,169,305,579,793,454,287,54,4,1613,28,72,137,106,190,329,422,218,102,8,1,1478,37,79,93,63,115,250,371,236,185,46,3
충청남도 천안시 동남구 수신면,4413135000,2257,46,81,169,170,222,405,543,341,251,28,1,1229,22,45,108,108,153,246,293,156,93,5,0,1028,24,36,61,62,69,159,250,185,158,23,1
충청남도 천안시 동남구 병천면,4413136000,6166,241,350,762,564,740,1134,1228,648,427,71,1,3297,119,186,498,353,429,605,640,300,148,19,0,2869,122,164,264,211,311,529,588,348,279,52,1
충청남도 천안시 동남구 동면,4413137000,2075,22,66,132,91,160,410,533,360,254,45,2,1118,13,41,81,56,116,245,284,183,92,7,0,957,9,25,51,35,44,165,249,177,162,38,2
충청남도 천안시 동남구 중앙동,4413151000,5377,177,272,545,497,637,1016,1190,676,333,33,1,2809,91,147,273,302,357,576,607,315,130,11,0,2568,86,125,272,195,280,440,583,361,203,22,1
충청남도 천안시 동남구 문성동,4413152000,4305,158,224,632,578,583,730,816,385,169,29,1,2251,82,122,308,334,336,406,422,165,65,11,0,2054,76,102,324,244,247,324,394,220,104,18,1
충청남도 천안시 동남구 원성1동,4413153000,8610,373,649,1050,837,1172,1671,1561,827,402,66,2,4450,204,367,610,460,631,856,763,398,145,16,0,4160,169,282,440,377,541,815,798,429,257,50,2
충청남도 천안시 동남구 원성2동,4413154000,9194,264,633,1141,811,1298,1784,1694,976,535,58,0,4714,128,341,642,488,692,918,828,451,211,15,0,4480,136,292,499,323,606,866,866,525,324,43,0
충청남도 천안시 동남구 봉명동,4413155000,18051,1060,1405,2763,2487,2885,3225,2592,1100,462,70,2,9272,562,756,1429,1397,1506,1649,1301,507,147,17,1,8779,498,649,1334,1090,1379,1576,1291,593,315,53,1
충청남도 천안시 동남구 일봉동,4413156000,23103,1988,3184,2669,2385,4280,4070,2637,1234,570,82,4,11479,991,1639,1440,1116,2120,2034,1366,543,208,20,2,11624,997,1545,1229,1269,2160,2036,1271,691,362,62,2
충청남도 천안시 동남구 신방동,4413157000,44466,4271,5795,6080,6485,8832,7001,3723,1422,752,102,3,22737,2250,3051,3334,3461,4480,3504,1828,602,204,22,1,21729,2021,2744,2746,3024,4352,3497,1895,820,548,80,2
충청남도 천안시 동남구 청룡동,4413158000,54918,5595,6978,6833,7810,10074,8477,5648,2255,1068,172,8,27415,2879,3569,3579,3915,5004,4213,2802,1027,382,44,1,27503,2716,3409,3254,3895,5070,4264,2846,1228,686,128,7
충청남도 천안시 동남구 신안동,4413159000,36802,2762,2654,7654,5537,5005,5824,4545,1870,837,108,6,17954,1396,1331,3619,2885,2564,2673,2213,903,346,24,0,18848,1366,1323,4035,2652,2441,3151,2332,967,491,84,6
충청남도 천안시 서북구 ,4413300000,402994,40017,42046,60722,70658,69701,60584,35753,14925,7471,1081,36,207072,20395,21727,31852,37825,36335,31300,18170,6711,2514,236,7,195922,19622,20319,28870,32833,33366,29284,17583,8214,4957,845,29
충청남도 천안시 서북구 성환읍,4413325000,23802,1067,2156,2775,1987,3546,4254,4094,2433,1326,161,3,12421,562,1127,1598,1120,1968,2342,2051,1125,490,38,0,11381,505,1029,1177,867,1578,1912,2043,1308,836,123,3
충청남도 천안시 서북구 성거읍,4413325300,21508,1676,2308,2531,2626,4030,3762,2662,1194,644,72,3,11266,827,1175,1438,1417,2164,2063,1383,554,228,15,2,10242,849,1133,1093,1209,1866,1699,1279,640,416,57,1
충청남도 천안시 서북구 직산읍,4413325600,20040,1346,1840,2494,2677,3647,3573,2541,1178,658,83,3,10911,697,968,1500,1597,2111,1967,1297,535,222,17,0,9129,649,872,994,1080,1536,1606,1244,643,436,66,3
충청남도 천안시 서북구 입장면,4413331000,8429,275,506,869,696,1009,1761,1723,940,549,100,1,4563,143,268,539,458,598,992,898,435,198,34,0,3866,132,238,330,238,411,769,825,505,351,66,1
충청남도 천안시 서북구 성정1동,4413351000,17678,900,1149,2642,2598,2590,3338,2610,1264,508,74,5,9312,481,580,1400,1511,1456,1766,1331,579,189,18,1,8366,419,569,1242,1087,1134,1572,1279,685,319,56,4
충청남도 천안시 서북구 성정2동,4413352000,25855,904,1174,6571,5618,3799,3640,2633,1006,439,67,4,13963,474,588,3330,3420,2206,1987,1362,449,137,9,1,11892,430,586,3241,2198,1593,1653,1271,557,302,58,3
충청남도 천안시 서북구 쌍용1동,4413353000,13766,796,1200,2370,1838,1861,2437,2053,783,366,62,0,6745,423,594,1201,999,920,1147,972,350,124,15,0,7021,373,606,1169,839,941,1290,1081,433,242,47,0
충청남도 천안시 서북구 쌍용2동,4413354000,37339,3089,4771,5964,4903,6476,6723,3492,1245,587,88,1,18368,1556,2495,3110,2483,3024,3171,1776,531,198,23,1,18971,1533,2276,2854,2420,3452,3552,1716,714,389,65,0
충청남도 천안시 서북구 쌍용3동,4413355000,18746,1304,2295,2592,2253,3036,3532,2190,931,528,83,2,9060,645,1229,1374,1112,1434,1664,1081,360,148,13,0,9686,659,1066,1218,1141,1602,1868,1109,571,380,70,2
충청남도 천안시 서북구 백석동,4413356000,40575,5320,5711,5084,6513,7932,5777,2815,935,420,63,5,20399,2686,2967,2678,3162,3998,2913,1423,434,126,12,0,20176,2634,2744,2406,3351,3934,2864,1392,501,294,51,5
충청남도 천안시 서북구 불당동,4413356500,0,0,0,0,0,0,0,0,0,0,0,0,0,0,0,0,0,0,0,0,0,0,0,0,0,0,0,0,0,0,0,0,0,0,0,0
충청남도 천안시 서북구 불당1동,4413356600,33192,3777,4567,4708,6092,6402,5051,1763,502,278,48,4,16665,1930,2363,2414,3083,3002,2616,926,231,94,5,1,16527,1847,2204,2294,3009,3400,2435,837,271,184,43,3
충청남도 천안시 서북구 불당2동,4413356700,37269,6471,5068,3965,8011,7944,3970,1275,374,162,27,2,18634,3315,2565,1925,3787,4055,2121,643,175,41,6,1,18635,3156,2503,2040,4224,3889,1849,632,199,121,21,1
충청남도 천안시 서북구 부성1동,4413358000,47160,3970,4040,10186,9491,7487,6809,3174,1299,616,86,2,24341,2030,2077,5143,5360,3844,3448,1632,570,217,20,0,22819,1940,1963,5043,4131,3643,3361,1542,729,399,66,2
충청남도 천안시 서북구 부성2동,4413359000,57635,9122,5261,7971,15355,9942,5957,2728,841,390,67,1,30424,4626,2731,4202,8316,5555,3103,1395,383,102,11,0,27211,4496,2530,3769,7039,4387,2854,1333,458,288,56,1
충청남도 공주시 ,4415000000,103301,5350,7950,10913,8991,12881,17883,19486,11404,7279,1123,41,51580,2781,4102,5939,4846,6792,9231,9748,5264,2573,295,9,51721,2569,3848,4974,4145,6089,8652,9738,6140,4706,828,32
충청남도 공주시 유구읍,4415025000,7265,237,376,440,431,725,1230,1872,1127,731,92,4,3654,136,186,264,270,429,606,952,525,260,25,1,3611,101,190,176,161,296,624,920,602,471,67,3
충청남도 공주시 이인면,4415031000,3196,93,119,196,188,245,586,763,534,406,64,2,1626,39,79,117,100,156,326,410,253,125,21,0,1570,54,40,79,88,89,260,353,281,281,43,2
충청남도 공주시 탄천면,4415032000,2937,64,123,179,179,211,451,706,524,421,76,3,1517,32,60,113,107,134,263,380,249,160,19,0,1420,32,63,66,72,77,188,326,275,261,57,3
충청남도 공주시 계룡면,4415033000,5389,134,264,312,270,441,973,1414,883,599,98,1,2762,69,140,182,154,264,580,708,443,195,26,1,2627,65,124,130,116,177,393,706,440,404,72,0
충청남도 공주시 반포면,4415034000,4255,139,196,321,308,457,938,1066,514,267,48,1,2221,85,115,187,176,236,508,543,249,108,14,0,2034,54,81,134,132,221,430,523,265,159,34,1
충청남도 공주시 의당면,4415036000,4642,176,357,446,340,586,915,924,500,340,56,2,2411,88,174,279,189,327,495,483,248,115,13,0,2231,88,183,167,151,259,420,441,252,225,43,2
충청남도 공주시 정안면,4415037000,4593,116,214,264,239,397,766,1194,723,577,101,2,2384,68,120,162,137,249,411,647,350,214,26,0,2209,48,94,102,102,148,355,547,373,363,75,2
충청남도 공주시 우성면,4415038000,5166,150,285,340,327,503,908,1204,793,565,86,5,2668,78,145,197,196,310,522,620,388,184,28,0,2498,72,140,143,131,193,386,584,405,381,58,5
충청남도 공주시 사곡면,4415039000,2863,58,160,162,136,233,498,698,467,393,55,3,1431,31,78,85,84,141,274,365,209,150,13,1,1432,27,82,77,52,92,224,333,258,243,42,2
충청남도 공주시 신풍면,4415040000,3156,71,89,146,158,287,576,892,550,326,57,4,1406,34,47,90,81,125,245,399,244,124,17,0,1750,37,42,56,77,162,331,493,306,202,40,4
충청남도 공주시 중학동,4415051000,4586,187,311,587,373,561,792,802,586,332,55,0,2303,102,170,327,202,309,407,397,252,124,13,0,2283,85,141,260,171,252,385,405,334,208,42,0
충청남도 공주시 웅진동,4415054000,8263,461,675,915,829,1139,1383,1479,841,477,59,5,4052,251,332,498,454,598,694,685,363,163,13,1,4211,210,343,417,375,541,689,794,478,314,46,4
충청남도 공주시 금학동,4415055000,5374,310,565,732,517,751,875,881,459,246,36,2,2699,163,283,366,285,383,457,454,226,78,3,1,2675,147,282,366,232,368,418,427,233,168,33,1
충청남도 공주시 옥룡동,4415056000,7858,284,538,826,617,990,1487,1579,948,517,71,1,3947,148,277,486,347,547,757,774,395,192,24,0,3911,136,261,340,270,443,730,805,553,325,47,1
충청남도 공주시 신관동,4415057000,19453,1298,2001,3277,2252,2938,3264,2490,1220,625,86,2,9466,665,1017,1644,1185,1419,1578,1160,541,235,20,2,9987,633,984,1633,1067,1519,1686,1330,679,390,66,0
충청남도 공주시 월송동,4415059000,14305,1572,1677,1770,1827,2417,2241,1522,735,457,83,4,7033,792,879,942,879,1165,1108,771,329,146,20,2,7272,780,798,828,948,1252,1133,751,406,311,63,2
충청남도 보령시 ,4418000000,98438,5646,8043,9091,8933,13333,16656,17881,11330,6522,972,31,49941,2878,4136,5353,4861,7281,8933,8820,5133,2316,224,6,48497,2768,3907,3738,4072,6052,7723,9061,6197,4206,748,25
충청남도 보령시 웅천읍,4418025000,6031,124,285,351,336,541,1053,1562,1028,631,120,0,3056,67,142,231,194,328,577,791,474,223,29,0,2975,57,143,120,142,213,476,771,554,408,91,0
충청남도 보령시 주포면,4418031000,1647,34,86,174,88,151,271,410,275,135,23,0,861,12,43,129,42,89,159,223,123,37,4,0,786,22,43,45,46,62,112,187,152,98,19,0
충청남도 보령시 오천면,4418032000,2166,40,112,139,119,232,387,529,352,220,35,1,1144,14,59,78,75,152,238,258,175,88,7,0,1022,26,53,61,44,80,149,271,177,132,28,1
충청남도 보령시 오천면어항출장소,4418032500,1613,55,101,124,101,211,300,388,188,123,21,1,864,24,55,82,59,128,179,196,95,42,4,0,749,31,46,42,42,83,121,192,93,81,17,1
충청남도 보령시 원산도출장소,4418032800,1115,27,60,64,63,99,209,256,191,126,20,0,604,13,33,43,40,67,132,140,88,44,4,0,511,14,27,21,23,32,77,116,103,82,16,0
충청남도 보령시 천북면,4418033000,3438,99,165,210,203,317,556,838,590,399,60,1,1784,47,91,127,135,193,317,423,300,141,10,0,1654,52,74,83,68,124,239,415,290,258,50,1
충청남도 보령시 청소면,4418034000,2591,57,100,140,132,203,404,598,514,381,62,0,1300,35,60,81,86,125,240,299,235,124,15,0,1291,22,40,59,46,78,164,299,279,257,47,0
충청남도 보령시 청라면,4418035000,3861,106,192,252,196,360,646,927,681,436,60,5,1947,58,100,149,113,212,357,483,309,156,10,0,1914,48,92,103,83,148,289,444,372,280,50,5
충청남도 보령시 남포면,4418036000,5136,137,249,351,263,448,917,1248,855,551,107,10,2584,76,123,206,158,253,512,637,397,197,23,2,2552,61,126,145,105,195,405,611,458,354,84,8
충청남도 보령시 주산면,4418038000,2403,31,88,104,92,172,362,587,507,385,74,1,1194,21,50,61,56,113,202,294,221,153,22,1,1209,10,38,43,36,59,160,293,286,232,52,0
충청남도 보령시 미산면,4418039000,1693,35,60,82,65,127,245,443,356,239,41,0,867,16,36,51,31,93,140,246,156,87,11,0,826,19,24,31,34,34,105,197,200,152,30,0
충청남도 보령시 성주면,4418040000,2171,70,104,148,140,249,383,522,360,178,16,1,1079,41,61,84,77,156,211,241,152,53,3,0,1092,29,43,64,63,93,172,281,208,125,13,1
충청남도 보령시 주교면,4418041000,5160,154,314,448,355,636,920,1119,718,433,62,1,2719,77,163,293,218,383,508,562,341,159,15,0,2441,77,151,155,137,253,412,557,377,274,47,1
충청남도 보령시 대천1동,4418051500,14129,987,1394,1622,1549,2132,2414,2140,1256,565,69,1,7127,508,705,947,839,1074,1244,1022,556,214,18,0,7002,479,689,675,710,1058,1170,1118,700,351,51,1
충청남도 보령시 대천2동,4418052500,6780,424,652,690,728,1052,1143,1027,657,370,36,1,3419,216,319,393,398,567,599,480,287,151,9,0,3361,208,333,297,330,485,544,547,370,219,27,1
충청남도 보령시 대천3동,4418053500,16410,1538,1936,1945,2101,2991,2574,1892,936,447,47,3,8212,781,983,1089,1053,1543,1303,896,408,145,10,1,8198,757,953,856,1048,1448,1271,996,528,302,37,2
충청남도 보령시 대천4동,4418054500,15777,1496,1781,1768,1888,2687,2659,1935,1018,481,62,2,7892,762,927,1007,970,1344,1354,918,448,145,15,2,7885,734,854,761,918,1343,1305,1017,570,336,47,0
충청남도 보령시 대천5동,4418056500,6317,232,364,479,514,725,1213,1460,848,422,57,3,3288,110,186,302,317,461,661,711,368,157,15,0,3029,122,178,177,197,264,552,749,480,265,42,3
충청남도 아산시 ,4420000000,324552,31739,35453,37529,48485,58066,48364,34955,18365,10156,1394,46,168792,16297,18260,20886,25874,31495,26273,17569,8209,3618,302,9,155760,15442,17193,16643,22611,26571,22091,17386,10156,6538,1092,37
충청남도 아산시 염치읍,4420025000,6454,322,486,553,581,865,1136,1215,723,505,65,3,3400,166,258,337,354,506,625,618,336,187,13,0,3054,156,228,216,227,359,511,597,387,318,52,3
충청남도 아산시 배방읍,4420025300,81678,9737,9798,10277,15048,15560,10863,6162,2744,1296,188,5,41890,4987,5066,5364,7764,8192,5726,3063,1237,454,35,2,39788,4750,4732,4913,7284,7368,5137,3099,1507,842,153,3
충청남도 아산시 송악면,4420031000,4211,172,361,290,270,525,753,849,578,358,54,1,2157,90,191,161,144,293,418,440,282,126,12,0,2054,82,170,129,126,232,335,409,296,232,42,1
충청남도 아산시 탕정면,4420033000,24792,3208,3468,3178,4427,5438,2813,1263,609,337,50,1,13419,1659,1785,1843,2314,3080,1690,647,263,129,8,1,11373,1549,1683,1335,2113,2358,1123,616,346,208,42,0
충청남도 아산시 음봉면,4420035000,20358,2438,1840,2118,3508,3557,2865,2364,1004,576,87,1,11044,1206,966,1346,1913,2109,1595,1215,490,188,16,0,9314,1232,874,772,1595,1448,1270,1149,514,388,71,1
충청남도 아산시 둔포면,4420036000,22605,2548,1528,2396,4800,3788,3121,2510,1159,645,107,3,12755,1325,772,1448,2869,2410,1797,1350,550,213,20,1,9850,1223,756,948,1931,1378,1324,1160,609,432,87,2
충청남도 아산시 영인면,4420037000,5517,135,260,413,409,531,967,1296,843,579,82,2,2918,67,151,253,250,314,563,706,384,211,18,1,2599,68,109,160,159,217,404,590,459,368,64,1
충청남도 아산시 인주면,4420038000,6299,270,386,517,582,901,1190,1204,662,513,74,0,3506,141,208,332,376,573,724,652,304,180,16,0,2793,129,178,185,206,328,466,552,358,333,58,0
충청남도 아산시 선장면,4420039000,3058,60,107,168,179,237,506,773,566,409,51,2,1572,34,59,88,110,154,300,376,279,158,13,1,1486,26,48,80,69,83,206,397,287,251,38,1
충청남도 아산시 도고면,4420040000,4419,104,169,328,300,381,823,1035,709,514,53,3,2262,46,85,190,173,235,463,542,324,192,11,1,2157,58,84,138,127,146,360,493,385,322,42,2
충청남도 아산시 신창면,4420041000,19698,1393,2018,2429,2056,3390,3303,2621,1532,847,105,4,10305,721,1014,1419,1121,1825,1830,1374,668,306,27,0,9393,672,1004,1010,935,1565,1473,1247,864,541,78,4
충청남도 아산시 온양1동,4420057000,9363,865,718,1123,1676,1513,1307,1150,658,299,50,4,4901,429,393,587,929,873,703,578,298,103,8,0,4462,436,325,536,747,640,604,572,360,196,42,4
충청남도 아산시 온양2동,4420058000,10793,404,787,1690,1208,1453,2020,1735,965,463,64,4,5624,194,412,972,735,791,1051,835,439,176,18,1,5169,210,375,718,473,662,969,900,526,287,46,3
충청남도 아산시 온양3동,4420059000,36459,3621,4892,4424,4737,6969,5503,3531,1798,867,113,4,18232,1869,2439,2347,2369,3560,2883,1650,768,315,32,0,18227,1752,2453,2077,2368,3409,2620,1881,1030,552,81,4
충청남도 아산시 온양4동,4420060000,18572,1418,2347,2120,2013,3380,3240,2215,1194,562,82,1,9462,770,1232,1196,1056,1722,1692,1069,510,199,16,0,9110,648,1115,924,957,1658,1548,1146,684,363,66,1
충청남도 아산시 온양5동,4420061000,21417,2003,2728,2704,2760,4006,3470,2068,1070,535,68,5,11004,1084,1436,1525,1455,2028,1799,1005,445,211,16,0,10413,919,1292,1179,1305,1978,1671,1063,625,324,52,5
충청남도 아산시 온양6동,4420062000,28859,3041,3560,2801,3931,5572,4484,2964,1551,851,101,3,14341,1509,1793,1478,1942,2830,2414,1449,632,270,23,1,14518,1532,1767,1323,1989,2742,2070,1515,919,581,78,2
충청남도 서산시 ,4421000000,176610,14813,17096,18949,21667,27759,28758,23717,14066,8441,1305,39,92088,7541,9070,11304,12076,14836,15450,11912,6643,2982,272,2,84522,7272,8026,7645,9591,12923,13308,11805,7423,5459,1033,37
충청남도 서산시 대산읍,4421025000,13554,674,979,1736,1430,1909,3029,2098,996,597,102,4,7909,352,518,1204,964,1192,1821,1167,473,190,28,0,5645,322,461,532,466,717,1208,931,523,407,74,4
충청남도 서산시 인지면,4421031000,7283,461,680,608,562,1073,1329,1169,775,550,71,5,3714,233,370,365,307,553,735,587,362,187,15,0,3569,228,310,243,255,520,594,582,413,363,56,5
충청남도 서산시 부석면,4421032000,5271,103,202,264,252,463,830,1339,1011,709,95,3,2681,46,107,169,163,295,454,671,489,269,18,0,2590,57,95,95,89,168,376,668,522,440,77,3
충청남도 서산시 팔봉면,4421033000,3347,58,108,148,150,275,582,905,670,401,49,1,1699,34,55,90,88,165,327,456,334,142,8,0,1648,24,53,58,62,110,255,449,336,259,41,1
충청남도 서산시 지곡면,4421034000,8139,560,759,660,907,1212,1376,1297,803,481,83,1,4372,272,393,415,568,715,764,680,384,165,16,0,3767,288,366,245,339,497,612,617,419,316,67,1
충청남도 서산시 성연면,4421036000,15450,2856,1254,1550,3775,2457,1626,1069,500,308,54,1,8100,1463,643,874,2013,1359,852,553,235,99,9,0,7350,1393,611,676,1762,1098,774,516,265,209,45,1
충청남도 서산시 음암면,4421037000,9275,447,735,816,779,1278,1714,1631,1050,717,106,2,4789,231,395,500,431,709,913,828,503,258,21,0,4486,216,340,316,348,569,801,803,547,459,85,2
충청남도 서산시 운산면,4421038000,5016,120,254,259,242,510,806,1187,940,606,90,2,2538,62,137,147,138,307,451,577,473,227,18,1,2478,58,117,112,104,203,355,610,467,379,72,1
충청남도 서산시 해미면,4421039000,7279,221,441,662,467,810,1316,1484,1132,639,106,1,3768,113,235,413,278,490,713,752,539,212,23,0,3511,108,206,249,189,320,603,732,593,427,83,1
충청남도 서산시 고북면,4421040000,6071,344,419,566,495,810,800,1088,837,623,83,6,3137,171,218,384,279,479,434,537,394,220,21,0,2934,173,201,182,216,331,366,551,443,403,62,6
충청남도 서산시 부춘동,4421051000,19078,1570,1959,2587,2639,3160,3178,2195,1096,591,100,3,9960,839,1027,1486,1499,1614,1677,1075,509,220,14,0,9118,731,932,1101,1140,1546,1501,1120,587,371,86,3
충청남도 서산시 동문1동,4421052500,18587,1578,2242,2046,2033,3312,3284,2197,1169,617,106,3,9699,851,1318,1236,1087,1656,1671,1067,554,237,22,0,8888,727,924,810,946,1656,1613,1130,615,380,84,3
충청남도 서산시 동문2동,4421053500,8763,523,872,1067,821,1420,1536,1362,745,356,59,2,4417,264,480,588,453,731,788,647,316,133,16,1,4346,259,392,479,368,689,748,715,429,223,43,1
충청남도 서산시 수석동,4421054000,15856,1286,1914,1997,1878,2756,2536,1884,1006,517,80,2,8055,631,928,1136,1071,1385,1326,930,463,166,19,0,7801,655,986,861,807,1371,1210,954,543,351,61,2
충청남도 서산시 석남동,4421055000,33641,4012,4278,3983,5237,6314,4816,2812,1336,729,121,3,17250,1979,2246,2297,2737,3186,2524,1385,615,257,24,0,16391,2033,2032,1686,2500,3128,2292,1427,721,472,97,3
충청남도 논산시 ,4423000000,114662,6801,9471,10828,10241,14683,19263,20899,12886,8316,1237,37,57269,3459,4891,6041,5443,7769,10210,10528,5828,2786,307,7,57393,3342,4580,4787,4798,6914,9053,10371,7058,5530,930,30
충청남도 논산시 강경읍,4423025000,7990,279,616,665,493,922,1391,1709,1173,642,99,1,3944,149,311,383,271,489,729,839,508,238,26,1,4046,130,305,282,222,433,662,870,665,404,73,0
충청남도 논산시 연무읍,4423025300,13362,867,1053,1207,1232,1631,2068,2481,1591,1061,166,5,6666,446,539,690,671,889,1113,1244,702,332,40,0,6696,421,514,517,561,742,955,1237,889,729,126,5
충청남도 논산시 성동면,4423031000,4042,112,168,261,221,320,649,970,707,570,62,2,2041,56,89,157,135,219,346,502,312,206,19,0,2001,56,79,104,86,101,303,468,395,364,43,2
충청남도 논산시 광석면,4423032000,4147,98,238,257,245,383,699,997,694,482,53,1,2090,46,119,148,141,239,394,524,325,141,13,0,2057,52,119,109,104,144,305,473,369,341,40,1
충청남도 논산시 노성면,4423033000,2957,101,141,203,213,273,472,646,494,355,56,3,1500,52,77,123,123,159,282,316,244,113,11,0,1457,49,64,80,90,114,190,330,250,242,45,3
충청남도 논산시 상월면,4423034000,3502,62,155,205,199,357,656,869,533,400,63,3,1760,33,87,120,101,197,365,452,254,130,21,0,1742,29,68,85,98,160,291,417,279,270,42,3
충청남도 논산시 부적면,4423035000,3524,81,160,223,210,323,621,886,553,397,66,4,1793,43,75,121,118,200,359,464,264,136,12,1,1731,38,85,102,92,123,262,422,289,261,54,3
충청남도 논산시 연산면,4423036000,6058,181,317,356,329,502,1164,1556,926,623,100,4,3128,94,176,216,177,286,637,849,453,213,27,0,2930,87,141,140,152,216,527,707,473,410,73,4
충청남도 논산시 벌곡면,4423038000,2415,59,107,110,113,207,422,628,428,284,56,1,1229,28,65,59,74,119,249,323,202,95,15,0,1186,31,42,51,39,88,173,305,226,189,41,1
충청남도 논산시 양촌면,4423039000,6172,383,396,418,551,597,1048,1214,849,619,97,0,3134,202,230,238,292,319,565,643,388,230,27,0,3038,181,166,180,259,278,483,571,461,389,70,0
충청남도 논산시 가야곡면,4423040000,3376,61,123,212,162,270,592,883,590,421,61,1,1715,36,66,123,101,153,328,470,275,146,16,1,1661,25,57,89,61,117,264,413,315,275,45,0
충청남도 논산시 은진면,4423041000,3995,119,206,401,266,418,704,868,550,384,74,5,2119,64,93,244,177,273,409,467,255,121,15,1,1876,55,113,157,89,145,295,401,295,263,59,4
충청남도 논산시 채운면,4423042000,2164,60,129,135,108,185,343,537,363,256,48,0,1034,31,61,70,58,105,193,270,158,75,13,0,1130,29,68,65,50,80,150,267,205,181,35,0
충청남도 논산시 취암동,4423051000,34950,3178,3894,4467,4427,5808,5565,4227,2128,1101,148,7,17376,1593,1998,2401,2272,2900,2806,2048,945,372,38,3,17574,1585,1896,2066,2155,2908,2759,2179,1183,729,110,4
충청남도 논산시 부창동,4423052000,16008,1160,1768,1708,1472,2487,2869,2428,1307,721,88,0,7740,586,905,948,732,1222,1435,1117,543,238,14,0,8268,574,863,760,740,1265,1434,1311,764,483,74,0
충청남도 계룡시 ,4425000000,43105,3762,6241,4819,4544,8198,7198,4886,2118,1142,195,2,21465,1883,3282,2692,2274,3971,3614,2346,990,374,38,1,21640,1879,2959,2127,2270,4227,3584,2540,1128,768,157,1
충청남도 계룡시 두마면,4425031000,7330,590,937,787,689,1188,1354,1097,451,191,45,1,3597,298,466,414,337,557,677,552,224,67,5,0,3733,292,471,373,352,631,677,545,227,124,40,1
충청남도 계룡시 엄사면,4425031500,18421,1173,2284,2268,1699,3037,3543,2450,1130,715,121,1,8988,595,1227,1231,866,1439,1728,1161,497,220,23,1,9433,578,1057,1037,833,1598,1815,1289,633,495,98,0
충청남도 계룡시 신도안면,4425033000,8739,1300,1954,799,1306,2460,752,91,51,24,2,0,4552,638,1025,475,652,1260,452,24,15,10,1,0,4187,662,929,324,654,1200,300,67,36,14,1,0
충청남도 계룡시 금암동,4425051000,8615,699,1066,965,850,1513,1549,1248,486,212,27,0,4328,352,564,572,419,715,757,609,254,77,9,0,4287,347,502,393,431,798,792,639,232,135,18,0
충청남도 당진시 ,4427000000,166989,14599,15827,15779,21777,26948,26569,22614,13383,8248,1209,36,88885,7419,8321,9228,12502,15147,15049,11656,6317,2942,302,2,78104,7180,7506,6551,9275,11801,11520,10958,7066,5306,907,34
충청남도 당진시 합덕읍,4427025000,8735,289,540,615,650,1057,1495,1838,1284,829,131,7,4611,157,305,367,411,640,868,908,605,312,38,0,4124,132,235,248,239,417,627,930,679,517,93,7
충청남도 당진시 송악읍,4427025300,30428,3733,2732,2235,5130,5557,4619,3511,1742,1022,146,1,16873,1915,1446,1314,2879,3374,2792,1909,848,358,38,0,13555,1818,1286,921,2251,2183,1827,1602,894,664,108,1
충청남도 당진시 고대면,4427031000,5301,137,274,369,274,501,915,1259,866,610,91,5,2720,73,141,211,156,287,534,643,419,232,24,0,2581,64,133,158,118,214,381,616,447,378,67,5
충청남도 당진시 석문면,4427032000,9689,380,462,898,1059,1331,1990,1843,997,636,90,3,5741,193,252,618,731,921,1264,1046,470,227,19,0,3948,187,210,280,328,410,726,797,527,409,71,3
충청남도 당진시 대호지면,4427033000,2404,63,83,128,129,184,344,631,485,309,46,2,1212,38,45,81,79,116,183,314,230,115,11,0,1192,25,38,47,50,68,161,317,255,194,35,2
충청남도 당진시 정미면,4427034000,3593,98,170,277,210,293,588,868,610,410,68,1,1841,41,83,166,129,169,325,455,301,160,12,0,1752,57,87,111,81,124,263,413,309,250,56,1
충청남도 당진시 면천면,4427035000,3515,86,179,213,222,341,634,851,576,342,71,0,1809,40,99,131,128,201,349,433,298,113,17,0,1706,46,80,82,94,140,285,418,278,229,54,0
충청남도 당진시 순성면,4427036000,5026,157,297,334,258,487,926,1107,783,582,91,4,2534,69,162,188,153,283,510,558,386,198,27,0,2492,88,135,146,105,204,416,549,397,384,64,4
충청남도 당진시 우강면,4427037000,5239,188,317,400,311,586,871,1125,819,551,71,0,2623,86,173,237,180,337,474,568,365,182,21,0,2616,102,144,163,131,249,397,557,454,369,50,0
충청남도 당진시 신평면,4427038000,15427,1309,1816,1359,1467,2552,2512,2182,1331,786,110,3,7862,667,926,775,759,1348,1401,1081,604,276,24,1,7565,642,890,584,708,1204,1111,1101,727,510,86,2
충청남도 당진시 송산면,4427039000,11774,1030,1014,981,1817,2044,1907,1500,841,556,80,4,6758,503,531,621,1199,1284,1186,816,384,213,21,0,5016,527,483,360,618,760,721,684,457,343,59,4
충청남도 당진시 당진1동,4427051000,24741,2382,2592,3398,4363,4388,3554,2260,1177,552,73,2,13211,1200,1345,1982,2573,2357,1869,1143,524,197,21,0,11530,1182,1247,1416,1790,2031,1685,1117,653,355,52,2
충청남도 당진시 당진2동,4427052000,23201,2919,2668,2430,3632,4124,3333,2226,1149,640,78,2,11842,1511,1397,1300,1916,2123,1753,1081,532,220,9,0,11359,1408,1271,1130,1716,2001,1580,1145,617,420,69,2
충청남도 당진시 당진3동,4427053000,17916,1828,2683,2142,2255,3503,2881,1413,723,423,63,2,9248,926,1416,1237,1209,1707,1541,701,351,139,20,1,8668,902,1267,905,1046,1796,1340,712,372,284,43,1
충청남도 금산군 ,4471000000,50562,2356,4110,3728,3383,5952,8880,10383,6835,4337,589,9,25522,1198,2132,2170,1778,3265,4920,5332,3151,1441,133,2,25040,1158,1978,1558,1605,2687,3960,5051,3684,2896,456,7
충청남도 금산군 금산읍,4471025000,22443,1501,2434,2092,1918,3471,3755,3561,2402,1167,140,2,11025,741,1237,1194,973,1801,1932,1692,1017,413,24,1,11418,760,1197,898,945,1670,1823,1869,1385,754,116,1
충청남도 금산군 금성면,4471031000,3251,86,148,186,178,277,591,782,538,389,74,2,1686,51,81,124,103,158,349,408,257,136,18,1,1565,35,67,62,75,119,242,374,281,253,56,1
충청남도 금산군 제원면,4471032000,2766,66,96,168,131,221,481,745,458,353,47,0,1453,38,62,105,80,142,281,394,227,114,10,0,1313,28,34,63,51,79,200,351,231,239,37,0
충청남도 금산군 부리면,4471033000,2455,63,74,92,112,167,387,660,455,388,55,2,1236,29,34,56,71,109,250,340,217,116,14,0,1219,34,40,36,41,58,137,320,238,272,41,2
충청남도 금산군 군북면,4471034000,2512,119,134,124,136,226,427,599,420,286,41,0,1250,54,68,69,72,121,257,318,188,95,8,0,1262,65,66,55,64,105,170,281,232,191,33,0
충청남도 금산군 남일면,4471035000,2780,77,335,148,112,233,419,617,445,350,43,1,1403,44,155,94,57,134,252,330,215,110,12,0,1377,33,180,54,55,99,167,287,230,240,31,1
충청남도 금산군 남이면,4471036000,2113,50,151,104,72,145,403,525,363,271,29,0,1085,26,83,68,35,86,233,290,164,94,6,0,1028,24,68,36,37,59,170,235,199,177,23,0
충청남도 금산군 진산면,4471037000,3245,78,197,177,139,284,654,739,565,368,44,0,1621,49,112,83,64,157,372,395,263,116,10,0,1624,29,85,94,75,127,282,344,302,252,34,0
충청남도 금산군 복수면,4471038000,3008,80,140,184,175,268,554,767,488,301,51,0,1574,38,81,105,79,170,324,415,251,98,13,0,1434,42,59,79,96,98,230,352,237,203,38,0
충청남도 금산군 추부면,4471039000,5989,236,401,453,410,660,1209,1388,701,464,65,2,3189,128,219,272,244,387,670,750,352,149,18,0,2800,108,182,181,166,273,539,638,349,315,47,2
충청남도 부여군 ,4476000000,63891,2697,4458,5053,4120,6776,10305,13572,9316,6514,1044,36,31698,1435,2359,2907,2231,3683,5457,6815,4235,2316,257,3,32193,1262,2099,2146,1889,3093,4848,6757,5081,4198,787,33
충청남도 부여군 부여읍,4476025000,19614,964,1778,2037,1511,2465,3512,3708,2220,1208,207,4,9755,512,937,1205,777,1265,1796,1783,1013,423,44,0,9859,452,841,832,734,1200,1716,1925,1207,785,163,4
충청남도 부여군 규암면,4476031000,11947,907,1163,1302,1142,1685,1928,1860,1095,749,110,6,5873,480,602,675,558,861,1020,909,478,266,24,0,6074,427,561,627,584,824,908,951,617,483,86,6
충청남도 부여군 은산면,4476032000,3688,89,197,214,171,319,594,977,612,457,52,6,1859,54,93,132,110,181,315,508,287,162,16,1,1829,35,104,82,61,138,279,469,325,295,36,5
충청남도 부여군 외산면,4476033000,2335,44,108,112,89,177,368,604,467,317,46,3,1151,24,70,72,58,96,199,291,212,120,9,0,1184,20,38,40,31,81,169,313,255,197,37,3
충청남도 부여군 내산면,4476034000,1537,44,52,61,73,102,239,404,309,219,34,0,759,23,31,36,42,62,118,227,140,72,8,0,778,21,21,25,31,40,121,177,169,147,26,0
충청남도 부여군 구룡면,4476035000,2337,56,138,113,110,209,355,510,444,338,62,2,1147,30,67,70,66,128,183,260,206,120,17,0,1190,26,71,43,44,81,172,250,238,218,45,2
충청남도 부여군 홍산면,4476036000,2813,85,143,166,121,256,403,656,563,367,50,3,1351,45,77,100,71,130,215,317,243,141,12,0,1462,40,66,66,50,126,188,339,320,226,38,3
충청남도 부여군 옥산면,4476037000,1408,19,55,63,51,96,200,371,295,220,38,0,682,11,24,38,39,55,110,180,144,73,8,0,726,8,31,25,12,41,90,191,151,147,30,0
충청남도 부여군 남면,4476038000,1816,39,76,86,66,143,221,434,371,317,61,2,881,22,40,56,37,90,119,222,160,118,16,1,935,17,36,30,29,53,102,212,211,199,45,1
충청남도 부여군 충화면,4476039000,1142,21,28,50,54,63,172,314,226,184,30,0,577,11,21,27,33,37,99,156,110,77,6,0,565,10,7,23,21,26,73,158,116,107,24,0
충청남도 부여군 양화면,4476040000,1657,33,48,63,57,109,204,435,342,313,51,2,782,15,27,33,34,59,110,220,157,116,11,0,875,18,21,30,23,50,94,215,185,197,40,2
충청남도 부여군 임천면,4476041000,2851,100,130,157,131,234,406,650,583,390,68,2,1411,46,69,100,77,138,233,326,266,138,18,0,1440,54,61,57,54,96,173,324,317,252,50,2
충청남도 부여군 장암면,4476042000,2711,67,102,150,134,215,393,626,504,443,76,1,1367,41,62,82,80,150,211,342,225,153,21,0,1344,26,40,68,54,65,182,284,279,290,55,1
충청남도 부여군 세도면,4476043000,3111,80,136,166,169,258,494,774,562,408,63,1,1577,35,72,96,102,164,260,409,271,147,21,0,1534,45,64,70,67,94,234,365,291,261,42,1
충청남도 부여군 석성면,4476044000,2822,94,209,206,128,283,502,663,393,301,41,2,1467,52,118,118,82,163,295,351,176,100,11,1,1355,42,91,88,46,120,207,312,217,201,30,1
충청남도 부여군 초촌면,4476045000,2102,55,95,107,113,162,314,586,330,283,55,2,1059,34,49,67,65,104,174,314,147,90,15,0,1043,21,46,40,48,58,140,272,183,193,40,2
충청남도 서천군 ,4477000000,50798,2135,3342,3639,3204,5431,8219,10526,7996,5383,901,22,25078,1080,1715,2110,1788,2936,4511,5178,3618,1917,224,1,25720,1055,1627,1529,1416,2495,3708,5348,4378,3466,677,21
충청남도 서천군 장항읍,4477025000,11079,517,841,1050,862,1448,1921,2062,1471,790,111,6,5547,253,441,579,464,769,1077,993,645,297,29,0,5532,264,400,471,398,679,844,1069,826,493,82,6
충청남도 서천군 서천읍,4477025300,13369,928,1457,1276,1028,1848,2285,2144,1430,822,149,2,6532,467,760,727,501,885,1196,1008,654,293,41,0,6837,461,697,549,527,963,1089,1136,776,529,108,2
충청남도 서천군 마서면,4477031000,4805,135,227,262,258,468,763,1088,907,595,100,2,2399,69,118,149,162,271,438,563,396,208,24,1,2406,66,109,113,96,197,325,525,511,387,76,1
충청남도 서천군 화양면,4477032000,2242,48,58,88,111,148,299,513,473,433,70,1,1087,30,34,55,69,92,158,263,216,154,16,0,1155,18,24,33,42,56,141,250,257,279,54,1
충청남도 서천군 기산면,4477033000,1615,24,59,73,54,136,219,389,331,273,56,1,794,9,30,41,33,87,127,193,150,108,16,0,821,15,29,32,21,49,92,196,181,165,40,1
충청남도 서천군 한산면,4477034000,2468,66,101,104,110,204,363,537,492,420,70,1,1155,33,43,57,65,111,200,251,225,150,20,0,1313,33,58,47,45,93,163,286,267,270,50,1
충청남도 서천군 마산면,4477035000,1457,43,64,73,73,90,194,358,283,235,43,1,696,20,30,49,41,55,103,177,139,73,9,0,761,23,34,24,32,35,91,181,144,162,34,1
충청남도 서천군 시초면,4477036000,1241,30,40,54,54,73,165,307,237,243,37,1,596,17,20,32,30,44,95,160,108,81,9,0,645,13,20,22,24,29,70,147,129,162,28,1
충청남도 서천군 문산면,4477037000,1233,30,21,35,41,95,174,319,283,204,31,0,625,21,10,23,25,65,105,155,136,80,5,0,608,9,11,12,16,30,69,164,147,124,26,0
충청남도 서천군 판교면,4477038000,2081,34,69,78,82,134,301,561,427,338,55,2,1010,15,34,45,48,79,154,288,210,126,11,0,1071,19,35,33,34,55,147,273,217,212,44,2
충청남도 서천군 종천면,4477039000,2028,46,80,95,96,128,298,502,416,308,57,2,976,25,36,58,64,69,173,257,192,89,13,0,1052,21,44,37,32,59,125,245,224,219,44,2
충청남도 서천군 비인면,4477040000,2862,40,90,178,129,219,491,751,556,340,67,1,1417,27,43,123,79,135,265,366,254,109,16,0,1445,13,47,55,50,84,226,385,302,231,51,1
충청남도 서천군 서면,4477041000,4318,194,235,273,306,440,746,995,690,382,55,2,2244,94,116,172,207,274,420,504,293,149,15,0,2074,100,119,101,99,166,326,491,397,233,40,2
충청남도 청양군 ,4479000000,30390,1172,1940,2492,1934,2943,5067,6519,4450,3383,482,8,15430,601,1012,1461,1090,1712,2802,3341,2071,1205,132,3,14960,571,928,1031,844,1231,2265,3178,2379,2178,350,5
충청남도 청양군 청양읍,4479025000,9862,610,937,1190,869,1219,1663,1632,1009,625,105,3,4979,318,473,671,455,642,892,786,493,219,28,2,4883,292,464,519,414,577,771,846,516,406,77,1
충청남도 청양군 운곡면,4479031000,2094,44,84,137,89,157,341,498,364,334,46,0,1048,21,53,82,54,90,181,269,165,122,11,0,1046,23,31,55,35,67,160,229,199,212,35,0
충청남도 청양군 대치면,4479032000,2229,65,84,154,98,207,410,556,334,282,38,1,1168,33,45,92,59,130,233,296,168,104,8,0,1061,32,39,62,39,77,177,260,166,178,30,1
충청남도 청양군 정산면,4479033000,3561,132,256,326,258,377,604,718,493,351,46,0,1862,67,139,210,154,214,326,382,226,123,21,0,1699,65,117,116,104,163,278,336,267,228,25,0
충청남도 청양군 목면,4479034000,1516,37,86,87,69,121,296,345,233,211,31,0,792,23,51,54,38,72,176,186,109,76,7,0,724,14,35,33,31,49,120,159,124,135,24,0
충청남도 청양군 청남면,4479035000,1888,46,97,100,103,158,286,464,340,256,37,1,974,21,50,64,64,108,174,240,159,83,10,1,914,25,47,36,39,50,112,224,181,173,27,0
충청남도 청양군 장평면,4479036000,2272,73,103,115,93,188,348,554,448,315,35,0,1154,36,48,58,57,134,203,284,199,126,9,0,1118,37,55,57,36,54,145,270,249,189,26,0
충청남도 청양군 남양면,4479037000,2708,73,97,169,129,186,455,648,472,422,57,0,1348,38,55,100,76,113,264,340,205,143,14,0,1360,35,42,69,53,73,191,308,267,279,43,0
충청남도 청양군 화성면,4479038000,2179,48,105,113,105,178,314,556,398,311,50,1,1093,26,49,71,64,113,168,280,190,115,17,0,1086,22,56,42,41,65,146,276,208,196,33,1
충청남도 청양군 비봉면,4479039000,2081,44,91,101,121,152,350,548,359,276,37,2,1012,18,49,59,69,96,185,278,157,94,7,0,1069,26,42,42,52,56,165,270,202,182,30,2
충청남도 홍성군 ,4480000000,99336,7391,9490,9323,10073,14178,15736,15504,10130,6544,939,28,49466,3850,4881,5157,5182,7363,8305,7633,4583,2279,228,5,49870,3541,4609,4166,4891,6815,7431,7871,5547,4265,711,23
충청남도 홍성군 홍성읍,4480025000,37705,2312,4166,4683,3492,5853,6727,5449,3173,1609,231,10,18671,1180,2143,2581,1811,2865,3469,2582,1419,562,55,4,19034,1132,2023,2102,1681,2988,3258,2867,1754,1047,176,6
충청남도 홍성군 광천읍,4480025300,8274,270,504,505,457,750,1389,1865,1507,897,125,5,4094,148,289,302,261,427,718,927,669,316,37,0,4180,122,215,203,196,323,671,938,838,581,88,5
충청남도 홍성군 홍북읍,4480025600,29083,4262,3804,2751,4934,5554,3666,2307,1077,635,90,3,14587,2231,1936,1419,2389,2817,1938,1123,502,219,13,0,14496,2031,1868,1332,2545,2737,1728,1184,575,416,77,3
충청남도 홍성군 금마면,4480032000,3502,92,125,221,187,309,628,824,595,452,68,1,1792,49,72,142,120,190,346,428,271,157,17,0,1710,43,53,79,67,119,282,396,324,295,51,1
충청남도 홍성군 홍동면,4480033000,3402,113,217,220,176,349,562,740,535,434,54,2,1709,66,110,141,103,192,306,388,256,132,15,0,1693,47,107,79,73,157,256,352,279,302,39,2
충청남도 홍성군 장곡면,4480034000,2846,68,109,134,132,214,425,656,549,509,50,0,1358,36,47,78,78,134,234,326,232,179,14,0,1488,32,62,56,54,80,191,330,317,330,36,0
충청남도 홍성군 은하면,4480035000,2244,34,59,121,81,167,340,558,459,351,74,0,1131,19,29,72,56,106,202,282,219,130,16,0,1113,15,30,49,25,61,138,276,240,221,58,0
충청남도 홍성군 결성면,4480036000,2072,20,54,100,97,117,334,541,414,347,47,1,1018,8,24,62,68,80,177,268,190,131,10,0,1054,12,30,38,29,37,157,273,224,216,37,1
충청남도 홍성군 서부면,4480037000,3222,70,131,186,138,275,505,837,607,404,65,4,1584,30,64,110,81,175,267,424,275,141,16,1,1638,40,67,76,57,100,238,413,332,263,49,3
충청남도 홍성군 갈산면,4480038000,3502,73,142,199,184,275,529,872,636,513,78,1,1751,44,79,121,113,183,288,432,282,186,23,0,1751,29,63,78,71,92,241,440,354,327,55,1
충청남도 홍성군 구항면,4480039000,3484,77,179,203,195,315,631,855,578,393,57,1,1771,39,88,129,102,194,360,453,268,126,12,0,1713,38,91,74,93,121,271,402,310,267,45,1
충청남도 예산군 ,4481000000,76830,3340,5476,6453,5760,9057,12987,15628,10360,6837,902,30,38602,1742,2837,3695,3176,4936,7010,7819,4690,2484,209,4,38228,1598,2639,2758,2584,4121,5977,7809,5670,4353,693,26
충청남도 예산군 예산읍,4481025000,32658,1908,3245,3386,2692,4756,5642,5741,3299,1748,233,8,16199,1000,1667,1867,1402,2396,2919,2792,1470,628,56,2,16459,908,1578,1519,1290,2360,2723,2949,1829,1120,177,6
충청남도 예산군 삽교읍,4481025300,10133,578,648,1073,1231,1168,1528,1748,1189,859,108,3,5100,285,331,590,682,652,813,852,551,313,31,0,5033,293,317,483,549,516,715,896,638,546,77,3
충청남도 예산군 대술면,4481031000,2396,42,76,115,116,207,410,611,449,325,42,3,1228,21,36,69,63,149,236,320,206,121,6,1,1168,21,40,46,53,58,174,291,243,204,36,2
충청남도 예산군 신양면,4481032000,3029,57,149,139,152,264,454,777,567,413,54,3,1526,31,83,87,94,142,264,399,254,162,10,0,1503,26,66,52,58,122,190,378,313,251,44,3
충청남도 예산군 광시면,4481033000,3104,68,119,157,127,256,521,724,574,497,59,2,1528,37,62,86,73,154,300,380,258,164,14,0,1576,31,57,71,54,102,221,344,316,333,45,2
충청남도 예산군 대흥면,4481034000,1757,39,57,73,69,136,273,499,333,236,42,0,893,22,34,49,40,85,148,266,158,88,3,0,864,17,23,24,29,51,125,233,175,148,39,0
충청남도 예산군 응봉면,4481035000,2513,53,125,190,135,228,444,615,392,289,40,2,1317,29,72,117,86,153,227,329,178,114,12,0,1196,24,53,73,49,75,217,286,214,175,28,2
충청남도 예산군 덕산면,4481036000,6667,228,393,460,450,748,1266,1493,929,606,89,5,3325,120,203,283,249,415,666,718,428,220,23,0,3342,108,190,177,201,333,600,775,501,386,66,5
충청남도 예산군 봉산면,4481037000,2489,71,146,126,134,230,405,578,419,319,61,0,1262,39,69,79,84,134,232,295,192,122,16,0,1227,32,77,47,50,96,173,283,227,197,45,0
충청남도 예산군 고덕면,4481038000,4407,111,226,259,209,391,722,987,864,572,63,3,2243,56,114,158,121,250,421,504,399,209,10,1,2164,55,112,101,88,141,301,483,465,363,53,2
충청남도 예산군 신암면,4481039000,3416,90,109,207,199,286,559,833,617,464,52,0,1746,49,61,132,124,162,339,438,271,157,13,0,1670,41,48,75,75,124,220,395,346,307,39,0
충청남도 예산군 오가면,4481040000,4261,95,183,268,246,387,763,1022,728,509,59,1,2235,53,105,178,158,244,445,526,325,186,15,0,2026,42,78,90,88,143,318,496,403,323,44,1
충청남도 태안군 ,4482500000,61600,2862,4272,4741,4702,7398,10529,12822,8890,4673,696,15,31058,1429,2210,2789,2579,4158,5638,6223,4239,1639,149,5,30542,1433,2062,1952,2123,3240,4891,6599,4651,3034,547,10
충청남도 태안군 태안읍,4482525000,29427,2053,2845,2916,3053,4338,4958,4662,2991,1410,199,2,14856,1036,1452,1684,1630,2281,2576,2255,1416,472,54,0,14571,1017,1393,1232,1423,2057,2382,2407,1575,938,145,2
충청남도 태안군 안면읍,4482525300,8441,297,543,519,494,950,1475,1981,1434,632,109,7,4185,149,290,307,253,542,791,933,676,221,18,5,4256,148,253,212,241,408,684,1048,758,411,91,2
충청남도 태안군 고남면,4482531000,2329,66,117,91,105,233,404,567,440,277,28,1,1120,24,46,54,55,145,221,275,198,96,6,0,1209,42,71,37,50,88,183,292,242,181,22,1
충청남도 태안군 남면,4482532000,4215,105,159,340,234,403,706,1058,726,414,70,0,2175,47,93,226,139,251,378,524,352,150,15,0,2040,58,66,114,95,152,328,534,374,264,55,0
충청남도 태안군 근흥면,4482533000,5343,108,192,246,273,452,959,1487,1002,542,79,3,2746,51,102,153,179,293,528,731,482,207,20,0,2597,57,90,93,94,159,431,756,520,335,59,3
충청남도 태안군 소원면,4482534000,5309,91,176,234,218,492,920,1438,1057,606,77,0,2622,50,95,123,123,310,507,699,492,209,14,0,2687,41,81,111,95,182,413,739,565,397,63,0
충청남도 태안군 원북면,4482535000,4334,100,160,284,230,355,759,1067,797,491,89,2,2225,49,88,183,145,212,423,532,399,177,17,0,2109,51,72,101,85,143,336,535,398,314,72,2
충청남도 태안군 이원면,4482536000,2202,42,80,111,95,175,348,562,443,301,45,0,1129,23,44,59,55,124,214,274,224,107,5,0,1073,19,36,52,40,51,134,288,219,194,40,0
전라북도  ,4500000000,1788616,120244,170547,207328,182723,260016,298709,267848,170880,95174,14708,439,889824,61726,88292,112149,94388,133702,155181,132534,76234,32341,3212,65,898792,58518,82255,95179,88335,126314,143528,135314,94646,62833,11496,374
전라북도 전주시 ,4511000000,657930,51584,70173,92980,81222,104973,107359,80861,44976,20704,3023,75,323724,26428,36252,48831,41089,51421,52932,38378,20089,7605,690,9,334206,25156,33921,44149,40133,53552,54427,42483,24887,13099,2333,66
전라북도 전주시 완산구 ,4511100000,336540,23162,34759,48922,39223,51530,57284,44372,24366,11165,1712,45,163886,11920,18091,25364,19859,24723,27761,20845,10890,4046,382,5,172654,11242,16668,23558,19364,26807,29523,23527,13476,7119,1330,40
전라북도 전주시 완산구 중앙동,4511151000,7414,315,454,834,772,876,1209,1430,968,483,72,1,3720,172,230,449,411,476,631,679,450,202,20,0,3694,143,224,385,361,400,578,751,518,281,52,1
전라북도 전주시 완산구 풍남동,4511153000,4027,99,144,372,354,487,652,865,677,324,53,0,2005,53,78,204,203,299,346,392,288,132,10,0,2022,46,66,168,151,188,306,473,389,192,43,0
전라북도 전주시 완산구 노송동,4511160500,12042,561,765,1367,1242,1624,1905,2136,1548,771,119,4,5904,300,408,732,633,875,955,975,685,309,31,1,6138,261,357,635,609,749,950,1161,863,462,88,3
전라북도 전주시 완산구 완산동,4511163500,5433,280,355,601,543,705,864,924,730,378,53,0,2667,150,186,300,291,384,465,442,312,124,13,0,2766,130,169,301,252,321,399,482,418,254,40,0
전라북도 전주시 완산구 동서학동,4511165000,6293,260,429,667,533,760,1043,1282,825,425,68,1,3114,132,233,355,292,400,550,603,385,151,13,0,3179,128,196,312,241,360,493,679,440,274,55,1
전라북도 전주시 완산구 서서학동,4511166000,8642,287,611,1025,725,1126,1511,1693,1113,491,55,5,4239,161,313,562,390,610,770,757,491,171,13,1,4403,126,298,463,335,516,741,936,622,320,42,4
전라북도 전주시 완산구 중화산1동,4511167100,14362,848,1274,2224,1589,1904,2419,2252,1196,575,80,1,6913,444,691,1123,805,889,1098,1042,559,234,28,0,7449,404,583,1101,784,1015,1321,1210,637,341,52,1
전라북도 전주시 완산구 중화산2동,4511167200,19624,1289,2585,3269,2368,3319,3357,2026,917,418,73,3,9782,655,1350,1677,1232,1563,1693,998,446,152,16,0,9842,634,1235,1592,1136,1756,1664,1028,471,266,57,3
전라북도 전주시 완산구 서신동,4511168000,41058,3209,4818,6293,5219,6781,7131,4217,2198,1064,127,1,19913,1647,2461,3208,2602,3112,3449,2027,966,407,34,0,21145,1562,2357,3085,2617,3669,3682,2190,1232,657,93,1
전라북도 전주시 완산구 평화1동,4511169100,12861,531,816,1383,1259,1687,2217,2406,1641,798,121,2,6194,286,442,736,696,914,1101,1115,637,247,19,1,6667,245,374,647,563,773,1116,1291,1004,551,102,1
전라북도 전주시 완산구 평화2동,4511169200,45952,3757,5227,5810,5032,7391,7773,6313,3074,1363,204,8,22183,1899,2714,3042,2489,3482,3703,2957,1405,444,47,1,23769,1858,2513,2768,2543,3909,4070,3356,1669,919,157,7
전라북도 전주시 완산구 삼천1동,4511170100,11523,645,1049,1650,1191,1570,2186,1834,943,394,59,2,5613,339,540,879,639,726,1032,874,441,132,11,0,5910,306,509,771,552,844,1154,960,502,262,48,2
전라북도 전주시 완산구 삼천2동,4511170200,13470,660,1186,1959,1342,1698,2555,2361,1190,448,71,0,6486,338,605,1030,695,812,1146,1111,576,159,14,0,6984,322,581,929,647,886,1409,1250,614,289,57,0
전라북도 전주시 완산구 삼천3동,4511170300,21988,1440,2378,3034,2120,3249,4370,3007,1471,770,146,3,10641,706,1270,1658,1038,1505,2080,1442,640,267,35,0,11347,734,1108,1376,1082,1744,2290,1565,831,503,111,3
전라북도 전주시 완산구 효자1동,4511171100,10787,556,886,1374,1050,1443,1805,1835,1232,533,71,2,5174,301,467,737,535,729,840,822,521,207,15,0,5613,255,419,637,515,714,965,1013,711,326,56,2
전라북도 전주시 완산구 효자2동,4511171200,10049,492,857,1433,1066,1327,1757,1695,1007,357,57,1,4789,244,434,749,537,650,822,755,448,134,16,0,5260,248,423,684,529,677,935,940,559,223,41,1
전라북도 전주시 완산구 효자3동,4511171300,14707,931,1459,2004,1609,2041,2492,2252,1246,572,97,4,6903,512,730,1056,788,949,1065,1008,546,227,22,0,7804,419,729,948,821,1092,1427,1244,700,345,75,4
전라북도 전주시 완산구 효자4동,4511171400,39505,4219,5017,6139,5186,6898,6210,3686,1453,577,118,2,19207,2167,2629,3106,2464,3257,2942,1770,676,179,17,0,20298,2052,2388,3033,2722,3641,3268,1916,777,398,101,2
전라북도 전주시 완산구 효자5동,4511173000,36803,2783,4449,7484,6023,6644,5828,2158,937,424,68,5,18439,1414,2310,3761,3119,3091,3073,1076,418,168,8,1,18364,1369,2139,3723,2904,3553,2755,1082,519,256,60,4
전라북도 전주시 덕진구 ,4511300000,321390,28422,35414,44058,41999,53443,50075,36489,20610,9539,1311,30,159838,14508,18161,23467,21230,26698,25171,17533,9199,3559,308,4,161552,13914,17253,20591,20769,26745,24904,18956,11411,5980,1003,26
전라북도 전주시 덕진구 진북동,4511352500,14079,572,1027,1696,1276,1750,2261,2383,1921,1061,129,3,6877,306,567,895,704,919,1104,1129,779,432,42,0,7202,266,460,801,572,831,1157,1254,1142,629,87,3
전라북도 전주시 덕진구 인후1동,4511354000,18259,1379,2276,2293,1823,3020,2844,2307,1579,658,78,2,8767,684,1143,1225,873,1429,1378,1034,712,272,17,0,9492,695,1133,1068,950,1591,1466,1273,867,386,61,2
전라북도 전주시 덕진구 인후2동,4511355000,11118,517,691,1538,1268,1407,1795,1887,1349,597,68,1,5537,269,365,785,692,769,913,848,609,271,16,0,5581,248,326,753,576,638,882,1039,740,326,52,1
전라북도 전주시 덕진구 인후3동,4511356000,31970,2408,3976,4693,3906,5940,5254,3033,1807,841,109,3,15687,1202,2028,2440,1987,2875,2622,1441,774,295,23,0,16283,1206,1948,2253,1919,3065,2632,1592,1033,546,86,3
전라북도 전주시 덕진구 덕진동,4511357000,20844,1970,1635,3585,3548,3072,2787,2217,1338,602,89,1,10558,1008,855,1920,1848,1650,1404,1034,585,235,19,0,10286,962,780,1665,1700,1422,1383,1183,753,367,70,1
전라북도 전주시 덕진구 금암1동,4511358000,7842,205,317,2497,949,812,1077,990,630,322,43,0,4232,97,160,1424,570,493,580,480,280,138,10,0,3610,108,157,1073,379,319,497,510,350,184,33,0
전라북도 전주시 덕진구 금암2동,4511359000,9810,389,625,1496,1017,1202,1562,1635,1280,545,56,3,4831,197,339,800,556,650,778,705,566,220,20,0,4979,192,286,696,461,552,784,930,714,325,36,3
전라북도 전주시 덕진구 팔복동,4511360000,7545,280,459,879,728,1055,1385,1400,926,386,46,1,4121,147,245,535,448,672,796,710,421,139,8,0,3424,133,214,344,280,383,589,690,505,247,38,1
전라북도 전주시 덕진구 우아1동,4511361100,12299,919,973,1677,1819,1802,2007,1754,896,395,57,0,6138,436,492,856,975,926,992,865,425,155,16,0,6161,483,481,821,844,876,1015,889,471,240,41,0
전라북도 전주시 덕진구 우아2동,4511361200,14503,811,1198,2031,1899,2393,2663,1952,985,500,68,3,7565,413,593,1089,1072,1269,1444,1019,460,189,15,2,6938,398,605,942,827,1124,1219,933,525,311,53,1
전라북도 전주시 덕진구 호성동,4511362000,19925,1361,2439,2622,1896,3029,3512,2895,1398,671,100,2,9552,683,1221,1427,930,1385,1684,1363,604,231,24,0,10373,678,1218,1195,966,1644,1828,1532,794,440,76,2
전라북도 전주시 덕진구 송천1동,4511364100,63488,8075,8950,7985,9544,12172,9016,4780,1974,839,152,1,31477,4154,4613,4240,4548,5847,4529,2331,902,282,30,1,32011,3921,4337,3745,4996,6325,4487,2449,1072,557,122,0
전라북도 전주시 덕진구 송천2동,4511364200,26195,1938,3056,3849,2869,3989,4629,3280,1718,748,116,3,12757,971,1565,2007,1453,1878,2200,1590,804,261,28,0,13438,967,1491,1842,1416,2111,2429,1690,914,487,88,3
전라북도 전주시 덕진구 조촌동,4511365000,12580,860,953,1563,1701,1789,2210,1863,1004,560,77,0,6476,462,488,874,917,975,1166,960,447,172,15,0,6104,398,465,689,784,814,1044,903,557,388,62,0
전라북도 전주시 덕진구 여의동,4511366500,30679,3720,3098,3708,5067,5212,4614,3080,1434,648,92,6,15427,1935,1600,1979,2530,2672,2290,1519,661,219,21,1,15252,1785,1498,1729,2537,2540,2324,1561,773,429,71,5
전라북도 전주시 덕진구 혁신동,4511367000,20254,3018,3741,1946,2689,4799,2459,1033,371,166,31,1,9836,1544,1887,971,1127,2289,1291,505,170,48,4,0,10418,1474,1854,975,1562,2510,1168,528,201,118,27,1
전라북도 전주시효자출장소 ,4511800000,0,0,0,0,0,0,0,0,0,0,0,0,0,0,0,0,0,0,0,0,0,0,0,0,0,0,0,0,0,0,0,0,0,0,0,0
전라북도 군산시 ,4513000000,265452,19532,26211,29118,29154,42556,44166,39032,23440,10518,1681,44,134387,9947,13548,16039,15279,22323,23260,19278,10697,3665,345,6,131065,9585,12663,13079,13875,20233,20906,19754,12743,6853,1336,38
전라북도 군산시 옥구읍,4513025000,3121,80,117,224,174,302,571,708,543,328,74,0,1608,40,61,140,111,188,332,353,254,111,18,0,1513,40,56,84,63,114,239,355,289,217,56,0
전라북도 군산시 옥산면,4513031000,4748,562,386,370,688,735,694,634,395,234,50,0,2410,282,189,210,343,397,382,335,186,80,6,0,2338,280,197,160,345,338,312,299,209,154,44,0
전라북도 군산시 회현면,4513032000,3376,171,343,218,209,451,547,615,457,313,52,0,1735,81,182,137,103,265,323,326,192,118,8,0,1641,90,161,81,106,186,224,289,265,195,44,0
전라북도 군산시 임피면,4513033000,2609,60,103,206,149,233,435,657,442,258,65,1,1335,34,62,123,90,147,233,353,206,74,13,0,1274,26,41,83,59,86,202,304,236,184,52,1
전라북도 군산시 서수면,4513034000,2505,74,103,145,147,223,399,625,417,302,66,4,1262,43,50,86,92,146,227,328,189,88,13,0,1243,31,53,59,55,77,172,297,228,214,53,4
전라북도 군산시 대야면,4513035000,4870,129,229,314,311,496,755,1159,884,494,98,1,2422,69,129,184,167,301,425,570,394,163,20,0,2448,60,100,130,144,195,330,589,490,331,78,1
전라북도 군산시 개정면,4513036000,2937,75,139,245,177,275,535,706,495,249,38,3,1497,33,78,151,100,154,289,364,237,83,8,0,1440,42,61,94,77,121,246,342,258,166,30,3
전라북도 군산시 성산면,4513037000,2860,79,133,245,179,257,535,661,475,244,51,1,1429,33,59,151,88,151,281,337,226,93,10,0,1431,46,74,94,91,106,254,324,249,151,41,1
전라북도 군산시 나포면,4513038000,2168,37,92,127,117,201,354,516,416,257,48,3,1130,21,54,73,70,123,207,283,204,83,11,1,1038,16,38,54,47,78,147,233,212,174,37,2
전라북도 군산시 옥도면,4513039000,3293,90,152,291,249,449,710,739,411,178,22,2,1854,47,87,171,163,298,416,402,199,68,3,0,1439,43,65,120,86,151,294,337,212,110,19,2
전라북도 군산시 옥서면,4513040000,2934,102,142,269,191,331,459,606,526,265,41,2,1496,50,75,154,113,201,269,296,242,82,14,0,1438,52,67,115,78,130,190,310,284,183,27,2
전라북도 군산시 해신동,4513051500,2268,97,144,163,165,245,332,489,450,162,20,1,1106,50,71,68,85,141,188,230,205,64,3,1,1162,47,73,95,80,104,144,259,245,98,17,0
전라북도 군산시 월명동,4513053000,5182,153,378,424,376,658,848,1112,810,378,44,1,2593,76,192,241,199,358,456,544,365,151,11,0,2589,77,186,183,177,300,392,568,445,227,33,1
전라북도 군산시 신풍동,4513055000,7002,318,568,775,526,884,1098,1340,1013,428,51,1,3478,170,294,439,268,466,582,602,489,158,10,0,3524,148,274,336,258,418,516,738,524,270,41,1
전라북도 군산시 삼학동,4513056000,5477,134,321,558,371,562,892,1143,974,457,63,2,2658,77,152,321,211,313,444,553,405,169,12,1,2819,57,169,237,160,249,448,590,569,288,51,1
전라북도 군산시 중앙동,4513060500,4385,262,186,388,612,605,648,788,628,228,40,0,2224,141,99,191,355,338,338,370,293,88,11,0,2161,121,87,197,257,267,310,418,335,140,29,0
전라북도 군산시 흥남동,4513064000,12664,1043,1083,1297,1643,1899,2019,1884,1259,480,57,0,6372,550,567,694,850,995,1051,902,549,198,16,0,6292,493,516,603,793,904,968,982,710,282,41,0
전라북도 군산시 조촌동,4513065000,23287,2706,2187,2612,3894,3826,3201,2708,1530,532,88,3,11816,1367,1165,1389,2019,2007,1649,1281,735,189,15,0,11471,1339,1022,1223,1875,1819,1552,1427,795,343,73,3
전라북도 군산시 경암동,4513066000,7389,356,474,672,694,1055,1223,1449,1035,386,44,1,3688,185,251,352,402,600,643,648,455,143,9,0,3701,171,223,320,292,455,580,801,580,243,35,1
전라북도 군산시 구암동,4513067000,8091,491,672,1075,995,1090,1442,1367,668,246,45,0,4058,232,346,566,538,572,683,697,320,99,5,0,4033,259,326,509,457,518,759,670,348,147,40,0
전라북도 군산시 개정동,4513068000,2821,165,230,293,242,329,466,519,366,182,29,0,1436,77,121,179,122,177,239,243,189,80,9,0,1385,88,109,114,120,152,227,276,177,102,20,0
전라북도 군산시 수송동,4513069000,55252,6315,7716,6592,7155,10919,8356,4841,2299,915,137,7,27597,3220,4001,3520,3432,5340,4343,2373,1025,314,28,1,27655,3095,3715,3072,3723,5579,4013,2468,1274,601,109,6
전라북도 군산시 나운1동,4513070100,12394,597,1097,1457,1193,1780,2311,2269,1177,430,82,1,6163,304,598,807,643,882,1128,1103,530,150,18,0,6231,293,499,650,550,898,1183,1166,647,280,64,1
전라북도 군산시 나운2동,4513070200,23189,1505,2768,2852,1993,3640,4189,3450,1787,882,122,1,11223,750,1348,1594,978,1721,2067,1657,812,266,30,0,11966,755,1420,1258,1015,1919,2122,1793,975,616,92,1
전라북도 군산시 나운3동,4513070300,31955,2296,4043,4237,3330,5859,5714,3700,1855,811,107,3,15937,1161,2064,2323,1709,2896,2878,1784,822,274,25,1,16018,1135,1979,1914,1621,2963,2836,1916,1033,537,82,2
전라북도 군산시 소룡동,4513071000,17159,1058,1604,1880,2037,3245,3238,2474,1129,403,87,4,9459,566,826,1090,1203,1905,1884,1318,518,137,11,1,7700,492,778,790,834,1340,1354,1156,611,266,76,3
전라북도 군산시 미성동,4513072000,11516,577,801,1189,1337,2007,2195,1873,999,476,60,2,6401,288,427,685,825,1241,1303,1026,456,142,8,0,5115,289,374,504,512,766,892,847,543,334,52,2
전라북도 익산시 ,4514000000,278496,17630,27120,35143,27465,40395,48540,42294,24865,12885,2113,46,138646,9066,13884,19083,14373,20617,24736,20915,11225,4287,453,7,139850,8564,13236,16060,13092,19778,23804,21379,13640,8598,1660,39
전라북도 익산시 함열읍,4514025000,6744,315,561,567,486,761,1152,1425,887,510,78,2,3298,166,263,321,253,421,606,703,387,165,13,0,3446,149,298,246,233,340,546,722,500,345,65,2
전라북도 익산시 오산면,4514031000,7728,472,612,652,709,998,1314,1501,882,504,83,1,3811,234,301,355,387,524,672,742,402,174,19,1,3917,238,311,297,322,474,642,759,480,330,64,0
전라북도 익산시 황등면,4514032000,6971,264,450,613,497,715,1283,1447,981,609,108,4,3510,145,234,343,275,397,704,739,437,213,22,1,3461,119,216,270,222,318,579,708,544,396,86,3
전라북도 익산시 함라면,4514033000,2261,53,120,170,111,211,409,481,402,246,57,1,1129,23,55,98,68,120,233,268,177,74,13,0,1132,30,65,72,43,91,176,213,225,172,44,1
전라북도 익산시 웅포면,4514034000,1516,18,59,89,62,119,240,390,284,209,45,1,769,4,40,46,39,80,144,197,135,73,11,0,747,14,19,43,23,39,96,193,149,136,34,1
전라북도 익산시 성당면,4514035000,1897,32,91,118,76,173,338,467,337,212,53,0,955,20,43,68,42,113,199,243,150,67,10,0,942,12,48,50,34,60,139,224,187,145,43,0
전라북도 익산시 용안면,4514036000,2631,66,132,178,138,211,369,617,517,341,62,0,1313,33,63,104,87,135,214,317,233,112,15,0,1318,33,69,74,51,76,155,300,284,229,47,0
전라북도 익산시 낭산면,4514037000,3010,104,133,200,187,293,527,669,519,333,44,1,1584,43,84,120,105,181,323,366,233,121,8,0,1426,61,49,80,82,112,204,303,286,212,36,1
전라북도 익산시 망성면,4514038000,2964,74,146,138,137,256,469,750,566,372,54,2,1461,31,69,85,90,153,258,379,259,127,10,0,1503,43,77,53,47,103,211,371,307,245,44,2
전라북도 익산시 여산면,4514039000,3281,162,155,288,260,312,531,674,501,346,52,0,1666,76,81,166,159,197,301,331,244,103,8,0,1615,86,74,122,101,115,230,343,257,243,44,0
전라북도 익산시 금마면,4514040000,5213,340,328,593,471,571,851,1066,622,328,43,0,2726,177,162,390,258,317,450,549,287,121,15,0,2487,163,166,203,213,254,401,517,335,207,28,0
전라북도 익산시 왕궁면,4514041000,4299,86,172,269,198,380,718,1029,812,527,104,4,2206,55,97,153,125,256,398,547,371,168,35,1,2093,31,75,116,73,124,320,482,441,359,69,3
전라북도 익산시 춘포면,4514042000,4417,155,254,386,321,466,811,925,597,420,81,1,2275,80,147,235,171,280,463,479,282,117,21,0,2142,75,107,151,150,186,348,446,315,303,60,1
전라북도 익산시 삼기면,4514043000,2580,57,94,215,154,231,532,567,399,269,60,2,1344,35,54,133,96,155,304,292,179,86,10,0,1236,22,40,82,58,76,228,275,220,183,50,2
전라북도 익산시 용동면,4514044000,1538,23,76,80,72,124,236,361,319,211,34,2,756,12,42,49,38,80,130,181,145,72,7,0,782,11,34,31,34,44,106,180,174,139,27,2
전라북도 익산시 중앙동,4514052000,3256,82,114,370,291,367,515,718,535,216,46,2,1743,48,69,197,177,225,281,379,260,94,13,0,1513,34,45,173,114,142,234,339,275,122,33,2
전라북도 익산시 평화동,4514053000,4683,275,328,455,452,679,907,884,480,203,20,0,2488,154,155,257,231,378,507,474,256,74,2,0,2195,121,173,198,221,301,400,410,224,129,18,0
전라북도 익산시 인화동,4514056000,6894,282,395,870,749,772,1111,1304,918,432,61,0,3543,158,210,434,448,442,616,611,445,162,17,0,3351,124,185,436,301,330,495,693,473,270,44,0
전라북도 익산시 동산동,4514057000,22292,1518,2176,2385,2307,3341,3979,3627,1951,893,111,4,10948,762,1134,1319,1201,1730,1980,1707,826,266,23,0,11344,756,1042,1066,1106,1611,1999,1920,1125,627,88,4
전라북도 익산시 마동,4514058000,9266,412,672,1337,874,1223,1808,1668,860,363,49,0,4706,237,368,713,493,674,874,821,393,125,8,0,4560,175,304,624,381,549,934,847,467,238,41,0
전라북도 익산시 남중동,4514059500,11398,414,880,1251,919,1408,1859,2130,1721,723,92,1,5847,212,536,715,526,792,965,987,780,312,22,0,5551,202,344,536,393,616,894,1143,941,411,70,1
전라북도 익산시 모현동,4514061000,38865,3513,4425,4603,4378,6296,6333,5181,2685,1263,183,5,18776,1820,2179,2376,2108,3103,3010,2487,1201,440,51,1,20089,1693,2246,2227,2270,3193,3323,2694,1484,823,132,4
전라북도 익산시 송학동,4514062000,8531,810,964,916,1134,1405,1298,1119,605,247,33,0,4229,397,514,491,548,727,657,534,262,93,6,0,4302,413,450,425,586,678,641,585,343,154,27,0
전라북도 익산시 영등1동,4514064600,22820,1357,2636,3177,2272,3452,4346,3500,1371,593,114,2,11261,704,1350,1752,1164,1656,2073,1714,642,187,19,0,11559,653,1286,1425,1108,1796,2273,1786,729,406,95,2
전라북도 익산시 영등2동,4514064700,14079,1162,1924,2312,1531,2600,2581,1088,596,242,42,1,6896,589,999,1209,759,1174,1305,538,234,82,7,0,7183,573,925,1103,772,1426,1276,550,362,160,35,1
전라북도 익산시 어양동,4514065200,24737,2026,3257,3468,2892,4670,4632,2293,993,446,58,2,12081,1070,1657,1825,1436,2187,2289,1076,408,121,11,1,12656,956,1600,1643,1456,2483,2343,1217,585,325,47,1
전라북도 익산시 신동,4514065600,15548,544,1099,4229,1467,1633,2198,2064,1449,718,143,4,7795,280,511,2274,860,887,1100,991,651,218,22,1,7753,264,588,1955,607,746,1098,1073,798,500,121,3
전라북도 익산시 팔봉동,4514067000,6542,483,639,730,768,1033,1101,919,508,275,83,3,3386,244,323,420,430,540,574,486,255,96,17,1,3156,239,316,310,338,493,527,433,253,179,66,2
전라북도 익산시 삼성동,4514069000,32535,2531,4228,4484,3552,5695,6092,3430,1568,834,120,1,16144,1257,2144,2435,1799,2693,3106,1777,691,224,18,0,16391,1274,2084,2049,1753,3002,2986,1653,877,610,102,1
전라북도 익산시함열출장소 ,4514500000,0,0,0,0,0,0,0,0,0,0,0,0,0,0,0,0,0,0,0,0,0,0,0,0,0,0,0,0,0,0,0,0,0,0,0,0
전라북도 정읍시 ,4518000000,106634,5874,9291,10218,8443,14081,18129,17739,13110,8454,1245,50,52972,3014,4923,5678,4516,7383,9772,8875,5730,2816,256,9,53662,2860,4368,4540,3927,6698,8357,8864,7380,5638,989,41
전라북도 정읍시 신태인읍,4518025000,5392,223,346,370,351,587,848,1050,929,600,84,4,2644,106,206,205,209,335,469,525,385,183,21,0,2748,117,140,165,142,252,379,525,544,417,63,4
전라북도 정읍시 북면,4518031000,4188,163,257,364,293,438,828,824,570,392,56,3,2133,72,134,221,166,245,458,437,265,128,7,0,2055,91,123,143,127,193,370,387,305,264,49,3
전라북도 정읍시 입암면,4518032000,2795,53,128,176,136,226,518,621,475,400,60,2,1396,29,71,106,81,137,306,324,204,128,10,0,1399,24,57,70,55,89,212,297,271,272,50,2
전라북도 정읍시 소성면,4518033000,2082,60,81,104,119,166,348,431,398,333,41,1,1078,35,46,68,69,107,218,220,192,112,11,0,1004,25,35,36,50,59,130,211,206,221,30,1
전라북도 정읍시 고부면,4518034000,2761,71,110,145,186,247,422,622,513,380,63,2,1375,33,55,94,123,165,246,322,212,113,11,1,1386,38,55,51,63,82,176,300,301,267,52,1
전라북도 정읍시 영원면,4518035000,1750,46,69,101,83,149,247,393,353,264,43,2,865,26,38,56,54,96,145,205,154,85,6,0,885,20,31,45,29,53,102,188,199,179,37,2
전라북도 정읍시 덕천면,4518036000,1769,35,101,126,84,176,323,375,295,211,42,1,888,16,57,74,57,106,185,195,130,56,12,0,881,19,44,52,27,70,138,180,165,155,30,1
전라북도 정읍시 이평면,4518037000,2033,34,84,112,97,166,314,443,396,333,53,1,1003,18,57,70,59,107,183,230,173,92,14,0,1030,16,27,42,38,59,131,213,223,241,39,1
전라북도 정읍시 정우면,4518038000,2500,67,101,145,137,206,437,556,456,345,49,1,1266,40,50,91,76,136,262,294,195,114,8,0,1234,27,51,54,61,70,175,262,261,231,41,1
전라북도 정읍시 태인면,4518039000,3384,64,162,213,164,306,554,736,600,502,81,2,1689,36,91,122,105,195,325,369,254,165,26,1,1695,28,71,91,59,111,229,367,346,337,55,1
전라북도 정읍시 감곡면,4518040000,2801,59,66,127,169,216,422,677,580,419,61,5,1417,36,41,71,103,149,255,338,275,133,15,1,1384,23,25,56,66,67,167,339,305,286,46,4
전라북도 정읍시 옹동면,4518041000,1665,43,68,77,103,141,254,362,320,249,46,2,846,21,37,44,67,96,149,188,145,90,9,0,819,22,31,33,36,45,105,174,175,159,37,2
전라북도 정읍시 칠보면,4518042000,2272,76,135,146,97,217,398,451,400,312,40,0,1168,34,84,91,66,129,242,242,172,104,4,0,1104,42,51,55,31,88,156,209,228,208,36,0
전라북도 정읍시 산내면,4518043000,1200,27,50,68,48,80,228,292,228,160,19,0,610,14,30,40,32,48,131,169,94,50,2,0,590,13,20,28,16,32,97,123,134,110,17,0
전라북도 정읍시 산외면,4518044000,2086,55,87,103,97,176,366,467,395,300,39,1,1050,25,40,52,58,112,238,246,175,94,10,0,1036,30,47,51,39,64,128,221,220,206,29,1
전라북도 정읍시 수성동,4518051000,17121,1316,1901,2150,1831,3002,3044,2038,1186,575,70,8,8659,665,1018,1207,964,1519,1594,995,504,180,13,0,8462,651,883,943,867,1483,1450,1043,682,395,57,8
전라북도 정읍시 장명동,4518052000,2960,144,270,309,234,455,546,438,329,206,29,0,1445,71,130,161,114,238,292,229,134,72,4,0,1515,73,140,148,120,217,254,209,195,134,25,0
전라북도 정읍시 내장상동,4518053500,20323,1514,2675,2419,1773,3309,3410,2643,1633,823,121,3,9807,775,1334,1273,864,1538,1713,1257,738,293,20,2,10516,739,1341,1146,909,1771,1697,1386,895,530,101,1
전라북도 정읍시 시기동,4518054500,3222,145,246,330,226,356,512,635,486,242,44,0,1556,79,123,195,105,191,254,287,208,102,12,0,1666,66,123,135,121,165,258,348,278,140,32,0
전라북도 정읍시 초산동,4518056500,10278,911,1324,1195,1014,1679,1712,1257,782,367,36,1,5082,499,738,667,500,770,823,600,333,148,4,0,5196,412,586,528,514,909,889,657,449,219,32,1
전라북도 정읍시 연지동,4518057000,6042,466,506,597,608,904,959,916,722,303,59,2,3004,232,260,320,308,482,497,442,326,127,9,1,3038,234,246,277,300,422,462,474,396,176,50,1
전라북도 정읍시 농소동,4518058000,4050,181,302,402,275,460,754,788,511,335,38,4,1935,85,161,209,139,246,391,378,214,99,11,2,2115,96,141,193,136,214,363,410,297,236,27,2
전라북도 정읍시 상교동,4518059500,3960,121,222,439,318,419,685,724,553,403,71,5,2056,67,122,241,197,236,396,383,248,148,17,1,1904,54,100,198,121,183,289,341,305,255,54,4
전라북도 남원시 ,4519000000,79581,4640,7104,7352,6053,10161,13591,13494,9719,6401,1034,32,39039,2458,3666,4106,3109,5157,7281,6755,4150,2105,247,5,40542,2182,3438,3246,2944,5004,6310,6739,5569,4296,787,27
전라북도 남원시 운봉읍,4519025000,3846,166,202,267,221,331,677,812,621,471,78,0,1867,91,110,141,125,177,366,430,253,161,13,0,1979,75,92,126,96,154,311,382,368,310,65,0
전라북도 남원시 주천면,4519031000,2615,97,166,221,151,246,494,561,387,240,48,4,1339,58,78,131,77,137,274,296,190,81,17,0,1276,39,88,90,74,109,220,265,197,159,31,4
전라북도 남원시 수지면,4519032000,1082,39,46,60,51,98,171,231,184,167,35,0,536,18,26,38,25,65,97,124,91,44,8,0,546,21,20,22,26,33,74,107,93,123,27,0
전라북도 남원시 송동면,4519033000,2003,57,104,143,102,148,364,437,329,273,44,2,998,26,53,85,59,87,206,248,142,81,10,1,1005,31,51,58,43,61,158,189,187,192,34,1
전라북도 남원시 주생면,4519034000,1805,63,100,104,72,155,304,380,329,258,39,1,887,36,53,63,40,93,179,200,128,86,9,0,918,27,47,41,32,62,125,180,201,172,30,1
전라북도 남원시 금지면,4519035000,2275,53,112,123,106,214,343,503,448,322,51,0,1089,22,57,75,61,133,191,258,184,99,9,0,1186,31,55,48,45,81,152,245,264,223,42,0
전라북도 남원시 대강면,4519036000,1571,35,62,75,56,125,225,368,289,274,60,2,750,21,34,41,29,80,135,184,130,82,13,1,821,14,28,34,27,45,90,184,159,192,47,1
전라북도 남원시 대산면,4519037000,1658,63,82,92,84,147,261,394,268,220,47,0,839,33,48,55,54,89,149,212,122,67,10,0,819,30,34,37,30,58,112,182,146,153,37,0
전라북도 남원시 사매면,4519038000,1491,46,63,99,70,113,241,289,292,248,30,0,782,29,40,62,39,59,166,153,136,90,8,0,709,17,23,37,31,54,75,136,156,158,22,0
전라북도 남원시 덕과면,4519039000,930,29,29,51,51,63,156,218,185,129,19,0,481,22,16,31,26,45,95,116,82,40,8,0,449,7,13,20,25,18,61,102,103,89,11,0
전라북도 남원시 보절면,4519040000,1448,49,59,84,49,113,221,282,288,267,33,3,723,26,30,48,27,75,132,145,132,97,11,0,725,23,29,36,22,38,89,137,156,170,22,3
전라북도 남원시 산동면,4519041000,1819,49,79,118,74,162,318,373,345,265,35,1,912,28,45,73,41,98,191,196,152,81,7,0,907,21,34,45,33,64,127,177,193,184,28,1
전라북도 남원시 이백면,4519042000,2256,84,147,162,123,203,397,467,329,284,56,4,1106,46,82,87,70,105,222,255,135,91,13,0,1150,38,65,75,53,98,175,212,194,193,43,4
전라북도 남원시 아영면,4519045000,1881,86,113,98,95,170,307,393,350,233,33,3,922,52,58,54,52,107,177,194,150,71,6,1,959,34,55,44,43,63,130,199,200,162,27,2
전라북도 남원시 산내면,4519046000,2099,81,175,141,90,227,515,367,277,205,21,0,1033,39,97,71,51,108,284,204,119,57,3,0,1066,42,78,70,39,119,231,163,158,148,18,0
전라북도 남원시 인월면,4519047000,2713,109,190,161,131,291,506,625,418,240,41,1,1324,59,107,106,56,158,274,299,173,85,7,0,1389,50,83,55,75,133,232,326,245,155,34,1
전라북도 남원시 동충동,4519051000,3387,168,326,358,269,418,591,561,425,237,34,0,1608,89,168,202,131,201,302,252,164,89,10,0,1779,79,158,156,138,217,289,309,261,148,24,0
전라북도 남원시 죽항동,4519052000,3289,178,230,337,269,413,524,579,483,230,44,2,1554,97,111,184,140,199,276,255,198,81,12,1,1735,81,119,153,129,214,248,324,285,149,32,1
전라북도 남원시 노암동,4519054000,6146,562,638,652,661,929,999,836,553,283,33,0,2963,291,308,351,333,446,512,412,212,91,7,0,3183,271,330,301,328,483,487,424,341,192,26,0
전라북도 남원시 금동,4519055000,6625,520,768,613,586,1050,1041,989,675,331,52,0,3197,266,371,352,281,527,538,465,272,114,11,0,3428,254,397,261,305,523,503,524,403,217,41,0
전라북도 남원시 왕정동,4519056000,4195,206,323,477,379,501,705,737,539,277,46,5,2048,111,179,274,217,248,337,344,232,89,16,1,2147,95,144,203,162,253,368,393,307,188,30,4
전라북도 남원시 향교동,4519057000,7026,382,576,741,584,949,1284,1177,777,478,76,2,3565,200,303,400,320,486,709,598,356,170,23,0,3461,182,273,341,264,463,575,579,421,308,53,2
전라북도 남원시 도통동,4519059000,17421,1518,2514,2175,1779,3095,2947,1915,928,469,79,2,8516,798,1292,1182,855,1434,1469,915,397,158,16,0,8905,720,1222,993,924,1661,1478,1000,531,311,63,2
전라북도 김제시 ,4521000000,81012,3933,6031,6956,6192,9570,13278,15055,11335,7373,1250,39,40222,2052,3068,3882,3303,5337,7319,7632,5003,2330,290,6,40790,1881,2963,3074,2889,4233,5959,7423,6332,5043,960,33
전라북도 김제시 만경읍,4521025000,2614,72,118,165,138,240,423,649,426,326,56,1,1318,45,68,97,82,149,239,330,205,93,10,0,1296,27,50,68,56,91,184,319,221,233,46,1
전라북도 김제시 죽산면,4521032000,2409,57,94,108,120,201,338,590,492,353,55,1,1194,32,58,71,69,132,197,299,227,102,6,1,1215,25,36,37,51,69,141,291,265,251,49,0
전라북도 김제시 백산면,4521033000,2454,65,115,133,146,229,419,544,478,280,42,3,1310,33,67,80,91,159,270,286,225,89,10,0,1144,32,48,53,55,70,149,258,253,191,32,3
전라북도 김제시 용지면,4521034000,3475,80,157,251,195,308,539,787,634,429,93,2,1777,44,82,139,115,212,308,430,289,130,27,1,1698,36,75,112,80,96,231,357,345,299,66,1
전라북도 김제시 백구면,4521035000,3715,113,191,254,238,368,632,773,659,406,81,0,1814,56,91,134,133,215,348,397,295,122,23,0,1901,57,100,120,105,153,284,376,364,284,58,0
전라북도 김제시 부량면,4521036000,1297,42,57,79,78,99,186,292,239,197,28,0,622,22,33,48,47,64,100,144,99,57,8,0,675,20,24,31,31,35,86,148,140,140,20,0
전라북도 김제시 공덕면,4521038000,2449,56,112,181,142,199,410,584,398,308,55,4,1250,23,56,110,83,124,246,313,187,90,18,0,1199,33,56,71,59,75,164,271,211,218,37,4
전라북도 김제시 청하면,4521039000,1725,47,72,75,96,154,271,380,328,257,45,0,862,28,40,50,55,95,156,187,146,95,10,0,863,19,32,25,41,59,115,193,182,162,35,0
전라북도 김제시 성덕면,4521040000,1745,45,60,100,93,166,263,397,341,231,49,0,883,21,35,60,56,106,161,220,142,72,10,0,862,24,25,40,37,60,102,177,199,159,39,0
전라북도 김제시 진봉면,4521041000,2553,35,85,121,125,222,369,589,556,388,62,1,1231,18,42,71,75,147,218,300,226,123,10,1,1322,17,43,50,50,75,151,289,330,265,52,0
전라북도 김제시 금구면,4521042000,4953,182,298,390,303,533,934,1036,765,435,76,1,2531,93,152,215,175,323,521,547,337,144,24,0,2422,89,146,175,128,210,413,489,428,291,52,1
전라북도 김제시 봉남면,4521043000,2193,68,82,109,113,182,304,499,431,351,50,4,1080,41,42,66,72,124,175,257,179,113,11,0,1113,27,40,43,41,58,129,242,252,238,39,4
전라북도 김제시 황산면,4521044000,1873,42,75,140,84,155,327,412,335,264,38,1,949,19,40,84,54,97,197,230,142,78,8,0,924,23,35,56,30,58,130,182,193,186,30,1
전라북도 김제시 금산면,4521045000,4518,119,193,291,257,409,825,1034,767,522,92,9,2279,56,108,172,152,256,461,544,342,161,26,1,2239,63,85,119,105,153,364,490,425,361,66,8
전라북도 김제시 광활면,4521046000,1327,40,54,70,78,130,203,282,273,169,28,0,684,20,26,40,47,98,120,144,118,61,10,0,643,20,28,30,31,32,83,138,155,108,18,0
전라북도 김제시 요촌동,4521051000,10976,680,1026,1218,1062,1553,1786,1749,1165,613,120,4,5420,355,499,653,543,798,941,842,543,214,30,2,5556,325,527,565,519,755,845,907,622,399,90,2
전라북도 김제시 신풍동,4521052000,12713,840,1385,1338,1196,1841,2126,1825,1275,795,92,0,6140,433,703,716,607,927,1079,864,538,249,24,0,6573,407,682,622,589,914,1047,961,737,546,68,0
전라북도 김제시 검산동,4521054000,11652,944,1361,1408,1142,1844,1911,1509,927,501,104,1,5714,491,681,782,554,904,1022,726,383,156,15,0,5938,453,680,626,588,940,889,783,544,345,89,1
전라북도 김제시 교월동,4521058000,6371,406,496,525,586,737,1012,1124,846,548,84,7,3164,222,245,294,293,407,560,572,380,181,10,0,3207,184,251,231,293,330,452,552,466,367,74,7
전라북도 완주군 ,4571000000,91137,6376,8202,8722,8847,13224,15259,14826,9307,5474,874,26,46847,3174,4304,4893,4588,7239,8495,7749,4354,1850,195,6,44290,3202,3898,3829,4259,5985,6764,7077,4953,3624,679,20
전라북도 완주군 삼례읍,4571025000,14345,672,1123,1762,1203,1957,2479,2460,1558,983,146,2,7418,333,570,973,702,1084,1435,1258,696,336,29,2,6927,339,553,789,501,873,1044,1202,862,647,117,0
전라북도 완주군 봉동읍,4571025300,26391,2710,3437,2740,3263,4848,3795,2857,1693,888,156,4,13742,1381,1812,1578,1642,2607,2130,1462,790,303,35,2,12649,1329,1625,1162,1621,2241,1665,1395,903,585,121,2
전라북도 완주군 용진읍,4571025600,7000,347,484,661,528,871,1317,1349,861,501,77,4,3613,165,258,385,272,487,756,698,399,171,22,0,3387,182,226,276,256,384,561,651,462,330,55,4
전라북도 완주군 상관면,4571032000,4324,263,363,363,306,613,785,803,518,266,43,1,2221,137,184,210,158,331,435,407,251,101,7,0,2103,126,179,153,148,282,350,396,267,165,36,1
전라북도 완주군 이서면,4571033000,14228,1551,1374,1347,2095,2515,2159,1668,984,463,69,3,7146,763,702,678,1035,1334,1141,864,460,150,19,0,7082,788,672,669,1060,1181,1018,804,524,313,50,3
전라북도 완주군 소양면,4571034000,6005,212,338,490,380,564,1156,1417,845,519,79,5,3107,105,182,286,218,332,615,737,429,185,17,1,2898,107,156,204,162,232,541,680,416,334,62,4
전라북도 완주군 구이면,4571035000,5744,178,360,518,350,571,1180,1306,749,466,64,2,2885,82,184,282,175,296,626,724,361,145,10,0,2859,96,176,236,175,275,554,582,388,321,54,2
전라북도 완주군 고산면,4571036000,4572,217,260,331,331,502,828,910,678,439,75,1,2341,101,155,206,179,298,457,480,307,138,19,1,2231,116,105,125,152,204,371,430,371,301,56,0
전라북도 완주군 비봉면,4571037000,1848,53,103,112,95,181,316,425,306,209,47,1,946,26,56,66,48,105,186,231,147,74,7,0,902,27,47,46,47,76,130,194,159,135,40,1
전라북도 완주군 운주면,4571038000,1928,48,63,80,87,176,370,489,358,226,30,1,969,23,39,37,54,109,205,259,155,83,5,0,959,25,24,43,33,67,165,230,203,143,25,1
전라북도 완주군 화산면,4571039000,2686,80,211,191,112,268,459,575,438,290,60,2,1400,36,118,112,59,154,287,313,215,91,15,0,1286,44,93,79,53,114,172,262,223,199,45,2
전라북도 완주군 동상면,4571040000,1092,29,47,78,58,78,244,316,137,90,15,0,558,14,24,45,22,51,129,183,64,21,5,0,534,15,23,33,36,27,115,133,73,69,10,0
전라북도 완주군 경천면,4571041000,974,16,39,49,39,80,171,251,182,134,13,0,501,8,20,35,24,51,93,133,80,52,5,0,473,8,19,14,15,29,78,118,102,82,8,0
전라북도 진안군 ,4572000000,24974,1151,1636,1801,1512,2546,4392,5205,3750,2580,386,15,12638,560,876,1019,740,1481,2475,2793,1740,869,82,3,12336,591,760,782,772,1065,1917,2412,2010,1711,304,12
전라북도 진안군 진안읍,4572025000,9988,634,850,894,768,1274,1667,1715,1234,833,111,8,5040,306,443,497,363,723,932,901,565,283,24,3,4948,328,407,397,405,551,735,814,669,550,87,5
전라북도 진안군 용담면,4572031000,836,16,25,29,21,64,170,246,162,89,13,1,416,6,13,16,12,41,92,126,77,31,2,0,420,10,12,13,9,23,78,120,85,58,11,1
전라북도 진안군 안천면,4572032000,1070,37,75,62,43,85,190,243,175,136,24,0,515,16,35,41,18,43,100,131,78,47,6,0,555,21,40,21,25,42,90,112,97,89,18,0
전라북도 진안군 동향면,4572033000,1353,37,87,65,52,105,245,318,239,176,29,0,642,12,50,33,18,57,136,171,111,48,6,0,711,25,37,32,34,48,109,147,128,128,23,0
전라북도 진안군 상전면,4572034000,854,32,39,41,54,68,159,214,134,104,9,0,438,14,17,25,28,43,89,119,66,35,2,0,416,18,22,16,26,25,70,95,68,69,7,0
전라북도 진안군 백운면,4572035000,1939,80,78,143,102,182,341,434,309,226,42,2,1010,43,45,84,62,111,192,235,146,84,8,0,929,37,33,59,40,71,149,199,163,142,34,2
전라북도 진안군 성수면,4572036000,1755,66,75,119,94,155,289,412,309,206,29,1,888,30,42,64,42,100,170,230,148,57,5,0,867,36,33,55,52,55,119,182,161,149,24,1
전라북도 진안군 마령면,4572037000,1810,55,79,128,80,134,329,370,360,236,38,1,915,33,43,66,39,83,199,193,165,85,9,0,895,22,36,62,41,51,130,177,195,151,29,1
전라북도 진안군 부귀면,4572038000,2823,115,210,178,181,272,551,643,394,235,43,1,1461,57,115,105,93,153,315,351,191,73,8,0,1362,58,95,73,88,119,236,292,203,162,35,1
전라북도 진안군 정천면,4572039000,1050,49,59,59,76,91,180,251,138,130,16,1,557,27,40,40,42,54,97,136,68,49,4,0,493,22,19,19,34,37,83,115,70,81,12,1
전라북도 진안군 주천면,4572040000,1496,30,59,83,41,116,271,359,296,209,32,0,756,16,33,48,23,73,153,200,125,77,8,0,740,14,26,35,18,43,118,159,171,132,24,0
전라북도 무주군 ,4573000000,23770,1075,1771,1695,1617,2738,4140,4646,3282,2446,340,20,11846,581,887,937,902,1509,2290,2419,1380,862,76,3,11924,494,884,758,715,1229,1850,2227,1902,1584,264,17
전라북도 무주군 무주읍,4573025000,9445,664,1001,855,869,1413,1534,1347,981,678,95,8,4711,365,488,463,457,734,848,674,421,242,19,0,4734,299,513,392,412,679,686,673,560,436,76,8
전라북도 무주군 무풍면,4573031000,2191,48,102,105,123,181,426,538,349,276,42,1,1092,29,59,60,70,114,217,279,159,94,10,1,1099,19,43,45,53,67,209,259,190,182,32,0
전라북도 무주군 설천면,4573032000,3974,148,267,324,235,456,781,811,543,360,47,2,2006,83,147,164,141,252,441,425,214,130,9,0,1968,65,120,160,94,204,340,386,329,230,38,2
전라북도 무주군 적상면,4573033000,2580,62,110,140,105,224,435,590,464,396,52,2,1264,27,52,84,65,125,246,321,184,145,15,0,1316,35,58,56,40,99,189,269,280,251,37,2
전라북도 무주군 안성면,4573034000,4181,118,239,214,220,363,738,985,678,550,70,6,2071,61,115,130,131,221,405,517,287,186,16,2,2110,57,124,84,89,142,333,468,391,364,54,4
전라북도 무주군 부남면,4573035000,1399,35,52,57,65,101,226,375,267,186,34,1,702,16,26,36,38,63,133,203,115,65,7,0,697,19,26,21,27,38,93,172,152,121,27,1
전라북도 장수군 ,4574000000,21723,1029,1637,1557,1423,2410,3626,4392,3088,2236,314,11,10822,538,826,888,732,1362,2047,2248,1374,729,77,1,10901,491,811,669,691,1048,1579,2144,1714,1507,237,10
전라북도 장수군 장수읍,4574025000,7282,496,740,622,628,983,1143,1219,852,524,73,2,3586,263,346,345,308,534,636,593,365,182,13,1,3696,233,394,277,320,449,507,626,487,342,60,1
전라북도 장수군 산서면,4574031000,2041,66,112,124,94,168,351,410,366,300,49,1,1028,34,64,80,58,103,196,212,166,96,19,0,1013,32,48,44,36,65,155,198,200,204,30,1
전라북도 장수군 번암면,4574032000,2306,69,117,134,106,186,377,560,431,278,45,3,1165,40,66,73,62,116,217,286,202,95,8,0,1141,29,51,61,44,70,160,274,229,183,37,3
전라북도 장수군 장계면,4574033500,4350,227,358,334,303,549,749,834,526,417,52,1,2196,119,194,194,149,296,426,436,240,129,13,0,2154,108,164,140,154,253,323,398,286,288,39,1
전라북도 장수군 천천면,4574034000,2044,44,83,117,106,157,357,523,356,263,36,2,1002,19,44,69,61,88,206,265,159,81,10,0,1042,25,39,48,45,69,151,258,197,182,26,2
전라북도 장수군 계남면,4574035000,2128,65,138,148,106,218,398,448,329,246,31,1,1054,34,67,83,58,126,225,234,137,84,6,0,1074,31,71,65,48,92,173,214,192,162,25,1
전라북도 장수군 계북면,4574036000,1572,62,89,78,80,149,251,398,228,208,28,1,791,29,45,44,36,99,141,222,105,62,8,0,781,33,44,34,44,50,110,176,123,146,20,1
전라북도 임실군 ,4575000000,26665,1291,1575,1872,1790,2659,4497,5209,4214,3072,472,14,13646,664,839,1112,993,1600,2561,2851,1878,1039,106,3,13019,627,736,760,797,1059,1936,2358,2336,2033,366,11
전라북도 임실군 임실읍,4575025000,7288,656,729,656,754,1040,1063,1035,761,511,82,1,3705,345,380,378,404,567,588,533,333,164,13,0,3583,311,349,278,350,473,475,502,428,347,69,1
전라북도 임실군 청웅면,4575031000,1247,28,47,63,51,111,205,247,254,207,33,1,627,10,23,43,29,78,123,139,108,66,7,1,620,18,24,20,22,33,82,108,146,141,26,0
전라북도 임실군 운암면,4575032000,1582,52,50,98,83,133,318,404,253,164,27,0,832,25,32,54,44,81,182,223,126,56,9,0,750,27,18,44,39,52,136,181,127,108,18,0
전라북도 임실군 신평면,4575033000,1414,46,61,87,88,106,221,318,277,181,27,2,724,18,40,55,53,69,121,176,126,60,6,0,690,28,21,32,35,37,100,142,151,121,21,2
전라북도 임실군 성수면,4575034000,1635,47,74,89,73,136,271,355,311,245,34,0,849,24,46,59,45,88,145,209,135,90,8,0,786,23,28,30,28,48,126,146,176,155,26,0
전라북도 임실군 오수면,4575035500,3575,103,200,254,210,327,586,777,589,456,73,0,1810,63,115,149,123,190,336,404,258,152,20,0,1765,40,85,105,87,137,250,373,331,304,53,0
전라북도 임실군 신덕면,4575036000,1316,40,47,82,63,110,226,291,239,186,31,1,690,21,19,54,35,67,143,177,99,68,6,1,626,19,28,28,28,43,83,114,140,118,25,0
전라북도 임실군 삼계면,4575037000,1504,39,54,68,61,105,244,320,305,258,50,0,764,21,26,41,34,71,144,174,151,95,7,0,740,18,28,27,27,34,100,146,154,163,43,0
전라북도 임실군 관촌면,4575038000,3247,156,157,230,216,280,621,663,524,355,42,3,1658,78,74,131,117,173,359,350,245,115,16,0,1589,78,83,99,99,107,262,313,279,240,26,3
전라북도 임실군 강진면,4575039000,1504,38,60,124,65,140,311,301,255,181,27,2,796,19,38,77,41,102,177,173,107,58,4,0,708,19,22,47,24,38,134,128,148,123,23,2
전라북도 임실군 덕치면,4575040000,1173,34,47,65,61,78,224,260,233,153,14,4,594,11,20,35,36,52,134,150,97,57,1,1,579,23,27,30,25,26,90,110,136,96,13,3
전라북도 임실군 지사면,4575041000,1180,52,49,56,65,93,207,238,213,175,32,0,597,29,26,36,32,62,109,143,93,58,9,0,583,23,23,20,33,31,98,95,120,117,23,0
전라북도 순창군 ,4577000000,26922,1304,2148,1909,1774,3103,4388,5043,4000,2819,414,20,13211,686,1107,1086,873,1760,2393,2603,1670,920,110,3,13711,618,1041,823,901,1343,1995,2440,2330,1899,304,17
전라북도 순창군 순창읍,4577025000,10091,798,1309,1021,917,1566,1558,1354,942,532,91,3,4926,432,665,567,413,794,829,652,378,175,21,0,5165,366,644,454,504,772,729,702,564,357,70,3
전라북도 순창군 인계면,4577031000,1490,38,84,97,85,126,274,314,247,199,25,1,728,16,44,60,39,70,156,167,115,57,4,0,762,22,40,37,46,56,118,147,132,142,21,1
전라북도 순창군 동계면,4577032000,1967,50,92,98,93,195,323,414,381,281,36,4,970,29,44,52,55,129,178,243,145,89,6,0,997,21,48,46,38,66,145,171,236,192,30,4
전라북도 순창군 풍산면,4577033000,1669,57,85,87,95,186,246,322,316,237,36,2,836,29,43,54,58,119,143,167,134,81,8,0,833,28,42,33,37,67,103,155,182,156,28,2
전라북도 순창군 금과면,4577034000,1680,36,68,80,99,126,303,428,275,233,30,2,845,22,37,49,62,88,154,240,117,68,7,1,835,14,31,31,37,38,149,188,158,165,23,1
전라북도 순창군 팔덕면,4577035000,1387,48,71,67,86,121,227,296,231,214,25,1,705,27,43,40,43,82,133,154,103,75,5,0,682,21,28,27,43,39,94,142,128,139,20,1
전라북도 순창군 쌍치면,4577036000,1932,56,109,106,87,166,369,461,324,217,37,0,953,24,62,64,39,101,183,252,138,74,16,0,979,32,47,42,48,65,186,209,186,143,21,0
전라북도 순창군 복흥면,4577037000,2130,96,138,110,114,185,369,485,368,222,43,0,1031,48,71,67,52,102,199,252,152,73,15,0,1099,48,67,43,62,83,170,233,216,149,28,0
전라북도 순창군 적성면,4577038000,1246,35,36,70,62,107,201,269,243,193,24,6,603,10,19,43,38,65,122,130,101,64,9,2,643,25,17,27,24,42,79,139,142,129,15,4
전라북도 순창군 유등면,4577039000,1053,40,45,58,52,112,144,206,210,168,17,1,507,24,24,26,27,73,89,99,90,50,5,0,546,16,21,32,25,39,55,107,120,118,12,1
전라북도 순창군 구림면,4577040000,2277,50,111,115,84,213,374,494,463,323,50,0,1107,25,55,64,47,137,207,247,197,114,14,0,1170,25,56,51,37,76,167,247,266,209,36,0
전라북도 고창군 ,4579000000,53468,2458,4110,4014,3598,5833,8785,10126,8123,5505,891,25,26538,1301,2265,2316,1941,3291,4866,5079,3574,1750,153,2,26930,1157,1845,1698,1657,2542,3919,5047,4549,3755,738,23
전라북도 고창군 고창읍,4579025000,21137,1709,2645,2228,2035,3053,3417,2993,1820,1043,184,10,10493,892,1464,1247,1013,1515,1707,1445,793,382,34,1,10644,817,1181,981,1022,1538,1710,1548,1027,661,150,9
전라북도 고창군 고수면,4579031000,2227,43,94,135,111,188,396,496,420,293,49,2,1145,20,56,83,71,120,241,279,186,86,3,0,1082,23,38,52,40,68,155,217,234,207,46,2
전라북도 고창군 아산면,4579032000,2612,76,96,146,135,224,472,594,477,343,48,1,1321,33,55,83,77,146,295,297,213,114,8,0,1291,43,41,63,58,78,177,297,264,229,40,1
전라북도 고창군 무장면,4579033000,2722,79,199,155,121,229,438,546,546,364,43,2,1348,44,117,96,61,149,265,257,236,115,8,0,1374,35,82,59,60,80,173,289,310,249,35,2
전라북도 고창군 공음면,4579034000,2470,50,110,126,127,209,393,565,474,361,53,2,1215,30,47,83,81,124,235,280,215,109,11,0,1255,20,63,43,46,85,158,285,259,252,42,2
전라북도 고창군 상하면,4579035000,2382,58,147,138,113,218,415,489,460,302,42,0,1168,30,91,79,65,137,231,241,206,79,9,0,1214,28,56,59,48,81,184,248,254,223,33,0
전라북도 고창군 해리면,4579036000,2688,66,101,136,119,212,378,643,591,385,56,1,1322,41,47,76,70,146,234,302,286,111,9,0,1366,25,54,60,49,66,144,341,305,274,47,1
전라북도 고창군 성송면,4579037000,1766,30,53,68,79,131,295,407,340,305,57,1,867,15,33,46,49,76,191,202,149,91,14,1,899,15,20,22,30,55,104,205,191,214,43,0
전라북도 고창군 대산면,4579038000,3215,67,139,171,135,256,547,722,647,468,61,2,1596,42,77,106,83,169,301,389,270,145,14,0,1619,25,62,65,52,87,246,333,377,323,47,2
전라북도 고창군 심원면,4579039000,2460,60,101,140,146,228,473,550,423,293,46,0,1230,37,50,73,84,161,260,277,184,97,7,0,1230,23,51,67,62,67,213,273,239,196,39,0
전라북도 고창군 흥덕면,4579040000,3131,82,148,215,155,310,524,690,534,404,67,2,1541,47,71,132,92,177,289,365,232,126,10,0,1590,35,77,83,63,133,235,325,302,278,57,2
전라북도 고창군 성내면,4579041000,1898,32,60,109,90,168,285,434,399,271,50,0,978,13,43,71,53,118,165,235,182,89,9,0,920,19,17,38,37,50,120,199,217,182,41,0
전라북도 고창군 신림면,4579042000,2194,42,100,134,104,191,350,462,423,322,65,1,1058,23,47,73,55,116,205,243,182,107,7,0,1136,19,53,61,49,75,145,219,241,215,58,1
전라북도 고창군 부안면,4579043000,2566,64,117,113,128,216,402,535,569,351,70,1,1256,34,67,68,87,137,247,267,240,99,10,0,1310,30,50,45,41,79,155,268,329,252,60,1
전라북도 부안군 ,4580000000,50852,2367,3538,3991,3633,5767,8559,9926,7671,4707,671,22,25286,1257,1847,2279,1950,3222,4754,4959,3370,1514,132,2,25566,1110,1691,1712,1683,2545,3805,4967,4301,3193,539,20
전라북도 부안군 부안읍,4580025000,20844,1586,2308,2139,1934,3027,3457,3140,2012,1119,116,6,10183,824,1195,1192,934,1493,1747,1528,874,375,21,0,10661,762,1113,947,1000,1534,1710,1612,1138,744,95,6
전라북도 부안군 주산면,4580031000,1880,36,53,112,106,126,305,448,372,274,47,1,918,19,35,67,62,81,182,212,163,86,11,0,962,17,18,45,44,45,123,236,209,188,36,1
전라북도 부안군 동진면,4580032000,2768,53,103,169,152,215,466,589,551,400,70,0,1393,31,50,103,94,149,281,313,231,124,17,0,1375,22,53,66,58,66,185,276,320,276,53,0
전라북도 부안군 행안면,4580033000,2151,55,108,128,167,200,385,472,350,239,45,2,1120,19,60,73,104,129,235,261,151,78,9,1,1031,36,48,55,63,71,150,211,199,161,36,1
전라북도 부안군 계화면,4580034000,3298,91,139,185,202,358,468,739,720,351,44,1,1667,42,69,99,132,233,282,350,325,126,9,0,1631,49,70,86,70,125,186,389,395,225,35,1
전라북도 부안군 보안면,4580035000,2401,51,74,111,103,174,418,571,487,364,46,2,1201,27,46,61,56,123,236,301,218,121,11,1,1200,24,28,50,47,51,182,270,269,243,35,1
전라북도 부안군 변산면,4580036000,4370,177,270,330,333,500,811,935,632,329,52,1,2236,101,134,186,195,304,450,463,292,105,6,0,2134,76,136,144,138,196,361,472,340,224,46,1
전라북도 부안군 진서면,4580037000,2240,70,97,144,120,206,387,575,413,196,29,3,1158,42,57,104,64,119,227,278,203,60,4,0,1082,28,40,40,56,87,160,297,210,136,25,3
전라북도 부안군 백산면,4580038000,2474,36,91,142,113,200,384,541,515,393,57,2,1222,22,50,77,77,131,237,273,220,120,15,0,1252,14,41,65,36,69,147,268,295,273,42,2
전라북도 부안군 상서면,4580039000,2166,54,77,153,108,170,393,469,405,297,39,1,1068,32,40,79,67,103,229,256,173,83,6,0,1098,22,37,74,41,67,164,213,232,214,33,1
전라북도 부안군 하서면,4580040000,2603,63,99,159,127,238,433,572,512,344,53,3,1273,36,51,94,69,137,264,288,212,108,14,0,1330,27,48,65,58,101,169,284,300,236,39,3
전라북도 부안군 줄포면,4580041000,2528,67,95,158,113,238,452,590,489,278,48,0,1246,46,49,108,60,142,256,279,211,88,7,0,1282,21,46,50,53,96,196,311,278,190,41,0
전라북도 부안군 위도면,4580042000,1129,28,24,61,55,115,200,285,213,123,25,0,601,16,11,36,36,78,128,157,97,40,2,0,528,12,13,25,19,37,72,128,116,83,23,0
전라남도  ,4600000000,1833864,124403,163429,194193,178946,252438,312312,284327,191177,115039,17082,518,922677,63393,84587,108753,94103,134570,168310,143731,85106,36693,3377,54,911187,61010,78842,85440,84843,117868,144002,140596,106071,78346,13705,464
전라남도 목포시 ,4611000000,218785,16496,23809,26264,23716,36089,35977,29925,17914,7592,973,30,108916,8508,12182,14233,12206,18607,18245,14193,7939,2599,200,4,109869,7988,11627,12031,11510,17482,17732,15732,9975,4993,773,26
전라남도 목포시 용당1동,4611051000,10266,403,672,1012,896,1311,1716,2059,1525,592,78,2,5136,218,336,553,524,746,893,944,679,224,19,0,5130,185,336,459,372,565,823,1115,846,368,59,2
전라남도 목포시 용당2동,4611052000,5050,199,296,490,405,665,820,1060,812,256,46,1,2536,106,154,286,216,393,441,472,373,90,5,0,2514,93,142,204,189,272,379,588,439,166,41,1
전라남도 목포시 연동,4611053500,4597,135,303,377,338,605,792,878,769,353,45,2,2340,62,154,218,207,380,460,413,321,112,12,1,2257,73,149,159,131,225,332,465,448,241,33,1
전라남도 목포시 산정동,4611054500,9415,633,1041,1133,975,1456,1621,1363,792,347,52,2,4573,302,543,591,515,728,779,621,375,106,12,1,4842,331,498,542,460,728,842,742,417,241,40,1
전라남도 목포시 연산동,4611055400,10483,1487,1282,1225,1796,1892,1285,887,429,176,24,0,5172,773,660,632,862,950,629,399,208,56,3,0,5311,714,622,593,934,942,656,488,221,120,21,0
전라남도 목포시 원산동,4611055800,12627,853,1434,1665,1244,2106,2283,1677,926,397,42,0,6210,444,732,938,655,1055,1141,758,368,112,7,0,6417,409,702,727,589,1051,1142,919,558,285,35,0
전라남도 목포시 대성동,4611056500,4948,452,448,501,643,791,775,685,420,217,14,2,2434,248,218,260,315,421,393,320,188,69,2,0,2514,204,230,241,328,370,382,365,232,148,12,2
전라남도 목포시 목원동,4611059500,7434,195,385,675,545,912,1308,1499,1284,545,83,3,3786,99,190,386,312,528,738,740,572,201,19,1,3648,96,195,289,233,384,570,759,712,344,64,2
전라남도 목포시 동명동,4611064000,5240,175,296,486,397,679,821,1049,941,352,42,2,2740,91,156,275,243,419,467,488,435,150,15,1,2500,84,140,211,154,260,354,561,506,202,27,1
전라남도 목포시 삼학동,4611064500,5950,375,593,664,558,919,908,995,680,235,23,0,2910,187,286,344,299,494,434,450,319,93,4,0,3040,188,307,320,259,425,474,545,361,142,19,0
전라남도 목포시 만호동,4611065500,2752,47,114,178,177,361,485,654,500,211,24,1,1470,20,62,107,110,242,304,325,212,85,3,0,1282,27,52,71,67,119,181,329,288,126,21,1
전라남도 목포시 유달동,4611066000,3962,119,193,385,246,453,655,804,719,354,32,2,2115,70,101,247,160,313,408,421,293,97,5,0,1847,49,92,138,86,140,247,383,426,257,27,2
전라남도 목포시 죽교동,4611069500,3047,125,210,281,231,404,500,558,501,213,24,0,1576,56,99,170,138,245,298,291,211,65,3,0,1471,69,111,111,93,159,202,267,290,148,21,0
전라남도 목포시 북항동,4611070500,9103,603,965,1055,899,1449,1584,1404,775,340,29,0,4549,325,484,588,486,771,788,637,345,120,5,0,4554,278,481,467,413,678,796,767,430,220,24,0
전라남도 목포시 용해동,4611074500,16660,1523,2390,1767,1836,3146,2493,1863,1079,500,62,1,8192,766,1234,973,897,1578,1234,857,461,172,20,0,8468,757,1156,794,939,1568,1259,1006,618,328,42,1
전라남도 목포시 이로동,4611075000,10667,935,1425,1161,1073,1867,1580,1446,774,359,44,3,5262,516,717,639,528,929,758,651,369,151,4,0,5405,419,708,522,545,938,822,795,405,208,40,3
전라남도 목포시 상동,4611075600,21259,1755,2357,2504,2444,3508,3479,2935,1529,651,95,2,10427,924,1204,1328,1303,1735,1664,1381,679,190,19,0,10832,831,1153,1176,1141,1773,1815,1554,850,461,76,2
전라남도 목포시 하당동,4611075700,11787,742,1098,2178,1527,2007,2014,1334,589,262,33,3,6091,386,601,1106,825,1060,1078,681,270,76,8,0,5696,356,497,1072,702,947,936,653,319,186,25,3
전라남도 목포시 신흥동,4611075800,16332,1166,1821,2516,1844,2620,3040,2084,799,392,48,2,8102,595,937,1376,910,1281,1451,1043,362,136,11,0,8230,571,884,1140,934,1339,1589,1041,437,256,37,2
전라남도 목포시 삼향동,4611078000,4682,334,488,532,506,787,760,688,386,172,29,0,2339,170,260,280,256,403,396,338,177,57,2,0,2343,164,228,252,250,384,364,350,209,115,27,0
전라남도 목포시 옥암동,4611079000,11289,1041,1579,1405,1355,2109,1858,1144,533,230,35,0,5432,522,783,729,621,976,912,548,233,100,8,0,5857,519,796,676,734,1133,946,596,300,130,27,0
전라남도 목포시 부흥동,4611080000,8188,615,816,1170,963,1315,1571,1028,460,221,29,0,3990,300,433,607,486,676,739,475,185,82,7,0,4198,315,383,563,477,639,832,553,275,139,22,0
전라남도 목포시 부주동,4611081000,23047,2584,3603,2904,2818,4727,3629,1831,692,217,40,2,11534,1328,1838,1600,1338,2284,1840,940,304,55,7,0,11513,1256,1765,1304,1480,2443,1789,891,388,162,33,2
전라남도 여수시 ,4613000000,276747,19638,25625,32737,29673,40638,48106,42271,25066,11257,1699,37,141051,9940,13237,18618,15909,21425,25346,20820,11609,3841,303,3,135696,9698,12388,14119,13764,19213,22760,21451,13457,7416,1396,34
전라남도 여수시 돌산읍,4613025000,2627,48,83,174,125,207,452,606,562,324,45,1,1313,24,38,99,83,141,246,310,245,116,11,0,1314,24,45,75,42,66,206,296,317,208,34,1
전라남도 여수시 돌산읍우두출장소,4613025100,8612,533,677,735,774,1257,1409,1628,1019,504,75,1,4503,282,348,436,422,732,797,802,475,191,18,0,4109,251,329,299,352,525,612,826,544,313,57,1
전라남도 여수시 돌산읍죽포출장소,4613025200,1916,32,62,152,80,136,307,457,391,249,47,3,935,17,31,89,40,90,165,229,183,79,12,0,981,15,31,63,40,46,142,228,208,170,35,3
전라남도 여수시 소라면,4613031000,20411,2001,2079,2166,2452,3220,3529,2684,1392,781,101,6,10428,1061,1068,1234,1225,1704,1823,1396,633,262,21,1,9983,940,1011,932,1227,1516,1706,1288,759,519,80,5
전라남도 여수시 율촌면,4613032000,6182,240,296,450,414,709,979,1294,1038,639,121,2,3210,125,161,266,232,469,593,661,464,218,20,1,2972,115,135,184,182,240,386,633,574,421,101,1
전라남도 여수시 화양면,4613033000,6380,133,259,550,342,570,1171,1434,1121,680,117,3,3291,72,142,335,194,357,681,792,486,209,23,0,3089,61,117,215,148,213,490,642,635,471,94,3
전라남도 여수시 남면,4613034000,2754,54,120,118,122,218,433,649,622,362,56,0,1400,26,61,71,82,142,269,341,273,123,12,0,1354,28,59,47,40,76,164,308,349,239,44,0
전라남도 여수시 화정면,4613035000,1332,11,28,62,58,85,183,326,314,218,46,1,659,4,13,32,42,63,105,186,144,64,6,0,673,7,15,30,16,22,78,140,170,154,40,1
전라남도 여수시 화정면개도출장소,4613035600,794,16,39,45,26,66,136,165,175,105,21,0,399,8,20,25,14,38,91,83,83,31,6,0,395,8,19,20,12,28,45,82,92,74,15,0
전라남도 여수시 삼산면,4613036000,2038,57,79,131,137,203,436,506,302,159,26,2,1147,26,45,78,88,142,267,278,156,62,4,1,891,31,34,53,49,61,169,228,146,97,22,1
전라남도 여수시 동문동,4613051500,4625,216,292,454,445,555,679,936,744,264,40,0,2328,99,148,266,244,335,359,424,355,91,7,0,2297,117,144,188,201,220,320,512,389,173,33,0
전라남도 여수시 한려동,4613053500,3085,102,183,353,303,330,444,574,557,217,21,1,1537,45,94,177,179,193,248,258,248,89,6,0,1548,57,89,176,124,137,196,316,309,128,15,1
전라남도 여수시 중앙동,4613057000,4270,134,260,406,316,533,685,937,730,241,28,0,2144,67,140,240,179,311,363,409,332,97,6,0,2126,67,120,166,137,222,322,528,398,144,22,0
전라남도 여수시 충무동,4613060000,3927,100,207,345,280,434,626,837,771,299,28,0,2016,62,102,193,172,276,359,396,342,107,7,0,1911,38,105,152,108,158,267,441,429,192,21,0
전라남도 여수시 광림동,4613062500,5976,187,293,612,513,734,999,1266,973,352,45,2,3090,109,165,352,306,446,533,587,454,130,8,0,2886,78,128,260,207,288,466,679,519,222,37,2
전라남도 여수시 서강동,4613063500,3652,141,214,403,284,412,574,772,575,238,39,0,1801,63,98,231,159,229,297,340,280,98,6,0,1851,78,116,172,125,183,277,432,295,140,33,0
전라남도 여수시 대교동,4613065500,5249,158,252,423,415,599,822,1200,952,384,44,0,2661,71,122,241,222,387,468,537,444,162,7,0,2588,87,130,182,193,212,354,663,508,222,37,0
전라남도 여수시 국동,4613067000,11258,633,884,1170,1047,1513,1957,2159,1371,473,49,2,5659,316,457,670,590,829,962,996,649,183,7,0,5599,317,427,500,457,684,995,1163,722,290,42,2
전라남도 여수시 월호동,4613068500,6793,405,612,677,614,907,1127,1380,785,258,26,2,3402,203,313,376,326,471,565,660,379,104,5,0,3391,202,299,301,288,436,562,720,406,154,21,2
전라남도 여수시 여서동,4613070000,18743,1126,1821,2452,1936,2681,3385,3173,1444,632,92,1,9250,554,933,1406,1019,1334,1625,1497,654,213,15,0,9493,572,888,1046,917,1347,1760,1676,790,419,77,1
전라남도 여수시 문수동,4613071000,21313,1760,2247,2631,2515,3475,3479,2935,1537,622,111,1,10713,912,1130,1455,1322,1741,1785,1452,703,199,14,0,10600,848,1117,1176,1193,1734,1694,1483,834,423,97,1
전라남도 여수시 미평동,4613073000,11684,593,1046,1767,1169,1687,2250,1768,944,409,51,0,6245,307,557,1049,688,929,1228,940,425,116,6,0,5439,286,489,718,481,758,1022,828,519,293,45,0
전라남도 여수시 둔덕동,4613074000,10226,699,1170,1395,1096,1594,1956,1441,632,208,34,1,5154,346,610,767,609,750,985,710,296,75,6,0,5072,353,560,628,487,844,971,731,336,133,28,1
전라남도 여수시 만덕동,4613076500,10504,1021,948,1070,1346,1568,1521,1604,985,384,55,2,5293,510,496,589,697,840,771,757,485,142,6,0,5211,511,452,481,649,728,750,847,500,242,49,2
전라남도 여수시 쌍봉동,4613078000,32083,2568,3704,4996,3835,5185,6003,3574,1516,604,93,5,16442,1276,1915,2882,2031,2520,3106,1770,742,190,10,0,15641,1292,1789,2114,1804,2665,2897,1804,774,414,83,5
전라남도 여수시 시전동,4613079000,37115,4537,4474,4449,5433,6524,6226,3513,1316,542,101,0,18571,2288,2357,2363,2652,3179,3183,1745,635,151,18,0,18544,2249,2117,2086,2781,3345,3043,1768,681,391,83,0
전라남도 여수시 여천동,4613080000,21489,1126,1962,3291,2278,3218,4545,3036,1316,606,110,1,11373,557,970,1982,1379,1714,2406,1554,611,179,21,0,10116,569,992,1309,899,1504,2139,1482,705,427,89,1
전라남도 여수시 주삼동,4613081000,8241,939,1151,900,1089,1657,1115,719,469,176,26,0,4215,475,613,474,566,833,644,333,215,58,4,0,4026,464,538,426,523,824,471,386,254,118,22,0
전라남도 여수시 삼일동,4613082000,2311,52,123,250,169,245,452,471,325,196,28,0,1267,28,67,171,105,146,281,255,146,60,8,0,1044,24,56,79,64,99,171,216,179,136,20,0
전라남도 여수시 묘도동,4613083000,1157,16,60,110,60,116,226,227,188,131,23,0,605,7,23,69,42,84,141,122,72,42,3,0,552,9,37,41,18,32,85,105,116,89,20,0
전라남도 순천시 ,4615000000,281587,22629,29478,36823,32885,42475,49216,36471,19237,10651,1666,56,140550,11583,15321,20047,16959,20924,24848,18251,8759,3520,336,2,141037,11046,14157,16776,15926,21551,24368,18220,10478,7131,1330,54
전라남도 순천시 승주읍,4615025000,2654,49,110,201,105,193,493,601,439,403,59,1,1316,35,51,123,56,110,306,324,190,103,18,0,1338,14,59,78,49,83,187,277,249,300,41,1
전라남도 순천시 해룡면,4615031000,4478,122,189,373,258,418,856,960,703,515,84,0,2317,56,103,221,158,259,529,498,314,167,12,0,2161,66,86,152,100,159,327,462,389,348,72,0
전라남도 순천시 해룡면상삼출장소,4615031500,17931,1392,2414,3051,2139,3197,3558,1376,484,276,40,4,8839,697,1270,1633,1091,1424,1746,698,188,86,6,0,9092,695,1144,1418,1048,1773,1812,678,296,190,34,4
전라남도 순천시 해룡면신대출장소,4615031600,33237,5874,5070,3185,6470,7015,3643,1394,403,155,27,1,16944,3051,2673,1702,3136,3467,1991,715,170,35,4,0,16293,2823,2397,1483,3334,3548,1652,679,233,120,23,1
전라남도 순천시 서면,4615032000,12852,827,1087,1378,1367,1745,2316,2089,1227,711,102,3,6438,438,591,705,731,898,1230,1071,548,208,18,0,6414,389,496,673,636,847,1086,1018,679,503,84,3
전라남도 순천시 황전면,4615033000,2917,56,94,152,118,201,455,647,639,477,77,1,1473,27,49,91,77,140,285,331,298,157,18,0,1444,29,45,61,41,61,170,316,341,320,59,1
전라남도 순천시 월등면,4615034000,1790,39,61,114,92,125,302,436,342,240,38,1,862,19,26,52,52,79,170,242,151,63,8,0,928,20,35,62,40,46,132,194,191,177,30,1
전라남도 순천시 주암면,4615035000,3124,56,111,178,140,212,513,719,622,494,79,0,1576,31,62,115,95,146,304,364,284,157,18,0,1548,25,49,63,45,66,209,355,338,337,61,0
전라남도 순천시 송광면,4615036000,1489,10,35,60,61,117,274,335,305,258,33,1,775,6,23,37,43,81,170,199,135,75,6,0,714,4,12,23,18,36,104,136,170,183,27,1
전라남도 순천시 외서면,4615037000,848,14,40,46,25,51,136,202,159,144,31,0,410,8,20,29,13,34,86,104,79,34,3,0,438,6,20,17,12,17,50,98,80,110,28,0
전라남도 순천시 낙안면,4615038000,3194,79,141,213,147,223,492,785,617,420,74,3,1554,40,78,113,83,133,261,407,283,141,14,1,1640,39,63,100,64,90,231,378,334,279,60,2
전라남도 순천시 별량면,4615039000,5490,131,272,419,255,494,923,1174,920,786,112,4,2736,67,135,246,148,314,517,633,404,246,25,1,2754,64,137,173,107,180,406,541,516,540,87,3
전라남도 순천시 상사면,4615040000,2847,59,135,289,151,258,543,624,435,292,55,6,1457,39,76,180,92,142,289,337,188,103,11,0,1390,20,59,109,59,116,254,287,247,189,44,6
전라남도 순천시 향동,4615051500,3590,124,269,336,268,412,530,754,582,272,42,1,1746,61,138,182,152,218,275,354,281,76,9,0,1844,63,131,154,116,194,255,400,301,196,33,1
전라남도 순천시 매곡동,4615054000,6799,428,566,1135,855,821,981,943,682,345,42,1,3362,206,311,580,470,415,493,442,303,133,9,0,3437,222,255,555,385,406,488,501,379,212,33,1
전라남도 순천시 삼산동,4615055000,25571,1899,2584,3891,2926,3703,4482,3636,1597,722,124,7,12555,968,1284,2145,1493,1798,2090,1747,752,251,27,0,13016,931,1300,1746,1433,1905,2392,1889,845,471,97,7
전라남도 순천시 조곡동,4615056000,6187,313,524,729,633,828,1127,1089,613,278,50,3,3117,169,280,385,346,426,591,510,290,112,8,0,3070,144,244,344,287,402,536,579,323,166,42,3
전라남도 순천시 덕연동,4615057000,43771,3122,5146,6441,4795,6837,8571,5740,2099,878,133,9,21845,1543,2676,3582,2509,3256,4079,2872,1004,301,23,0,21926,1579,2470,2859,2286,3581,4492,2868,1095,577,110,9
전라남도 순천시 풍덕동,4615058000,7657,339,565,891,720,962,1292,1444,966,421,56,1,3819,182,303,500,375,537,633,670,427,182,10,0,3838,157,262,391,345,425,659,774,539,239,46,1
전라남도 순천시 남제동,4615059000,8682,322,667,1056,754,1015,1643,1616,1088,458,61,2,4394,169,358,612,394,564,844,746,507,187,13,0,4288,153,309,444,360,451,799,870,581,271,48,2
전라남도 순천시 저전동,4615060000,2689,101,169,300,239,275,421,525,434,193,32,0,1313,51,86,160,138,144,204,236,188,99,7,0,1376,50,83,140,101,131,217,289,246,94,25,0
전라남도 순천시 장천동,4615061000,2207,45,89,237,199,264,411,498,310,125,28,1,1157,23,49,113,125,159,240,239,145,56,8,0,1050,22,40,124,74,105,171,259,165,69,20,1
전라남도 순천시 중앙동,4615062000,2917,79,187,354,267,364,497,569,391,181,28,0,1481,40,99,203,146,191,261,279,182,71,9,0,1436,39,88,151,121,173,236,290,209,110,19,0
전라남도 순천시 도사동,4615063500,18323,2002,1749,2089,2446,2879,3055,2257,1125,610,106,5,9249,1045,916,1156,1244,1482,1528,1128,538,192,20,0,9074,957,833,933,1202,1397,1527,1129,587,418,86,5
전라남도 순천시 왕조1동,4615066100,40943,3481,4732,6471,5106,6611,7802,4318,1541,762,118,1,20256,1767,2447,3422,2591,3073,3821,2209,687,213,26,0,20687,1714,2285,3049,2515,3538,3981,2109,854,549,92,1
전라남도 순천시 왕조2동,4615066500,19400,1666,2472,3234,2349,3255,3900,1740,514,235,35,0,9559,845,1217,1760,1201,1434,1905,896,223,72,6,0,9841,821,1255,1474,1148,1821,1995,844,291,163,29,0
전라남도 나주시 ,4617000000,116701,9882,9656,12209,14443,16739,17367,16951,11406,6954,1060,34,58889,5093,4962,6459,7535,9247,9545,8630,5045,2150,217,6,57812,4789,4694,5750,6908,7492,7822,8321,6361,4804,843,28
전라남도 나주시 남평읍,4617025000,12022,1063,787,1119,1561,1662,1975,2019,1137,609,88,2,6033,545,393,609,798,938,1014,1010,519,191,16,0,5989,518,394,510,763,724,961,1009,618,418,72,2
전라남도 나주시 세지면,4617031000,2562,39,131,175,125,207,450,581,473,329,50,2,1291,17,69,102,71,146,267,312,206,97,4,0,1271,22,62,73,54,61,183,269,267,232,46,2
전라남도 나주시 왕곡면,4617032000,2844,56,119,237,156,242,498,643,463,376,52,2,1492,30,66,143,103,162,309,345,213,113,8,0,1352,26,53,94,53,80,189,298,250,263,44,2
전라남도 나주시 반남면,4617033000,1425,20,48,87,65,116,245,322,280,206,36,0,705,9,23,56,49,74,138,167,134,46,9,0,720,11,25,31,16,42,107,155,146,160,27,0
전라남도 나주시 공산면,4617034000,2260,69,119,136,111,216,344,513,410,304,34,4,1148,34,67,84,63,135,212,274,179,97,3,0,1112,35,52,52,48,81,132,239,231,207,31,4
전라남도 나주시 동강면,4617035000,2408,43,70,154,110,189,362,576,496,355,53,0,1197,16,42,97,66,132,212,313,204,102,13,0,1211,27,28,57,44,57,150,263,292,253,40,0
전라남도 나주시 다시면,4617036000,3537,59,146,232,183,301,580,861,645,462,65,3,1785,27,91,135,121,197,329,455,275,143,11,1,1752,32,55,97,62,104,251,406,370,319,54,2
전라남도 나주시 문평면,4617037000,1923,29,51,99,94,144,317,458,374,309,44,4,941,12,28,59,53,98,192,246,152,93,8,0,982,17,23,40,41,46,125,212,222,216,36,4
전라남도 나주시 노안면,4617038000,4522,82,152,310,247,353,861,1093,760,552,110,2,2328,48,83,177,144,239,519,589,336,169,24,0,2194,34,69,133,103,114,342,504,424,383,86,2
전라남도 나주시 금천면,4617039000,4184,100,203,344,290,429,719,893,739,406,58,3,2197,51,111,197,186,264,445,464,328,138,12,1,1987,49,92,147,104,165,274,429,411,268,46,2
전라남도 나주시 산포면,4617040000,3318,69,136,265,221,343,648,735,517,336,48,0,1742,30,72,158,134,227,394,385,234,96,12,0,1576,39,64,107,87,116,254,350,283,240,36,0
전라남도 나주시 다도면,4617042000,1851,24,56,94,91,136,367,457,343,244,37,2,958,14,26,49,55,87,226,264,145,79,12,1,893,10,30,45,36,49,141,193,198,165,25,1
전라남도 나주시 봉황면,4617043000,4142,83,175,289,209,339,718,943,798,510,74,4,2145,48,99,168,119,236,440,503,356,161,13,2,1997,35,76,121,90,103,278,440,442,349,61,2
전라남도 나주시 송월동,4617051000,7807,590,822,1249,957,1188,1329,863,492,281,34,2,3884,306,412,668,535,589,696,401,184,86,7,0,3923,284,410,581,422,599,633,462,308,195,27,2
전라남도 나주시 영강동,4617052000,2663,129,191,314,262,352,476,441,299,170,29,0,1315,63,99,181,140,191,248,204,129,57,3,0,1348,66,92,133,122,161,228,237,170,113,26,0
전라남도 나주시 금남동,4617054000,4854,212,342,492,373,556,832,890,719,375,62,1,2446,118,210,280,190,308,431,437,313,143,16,0,2408,94,132,212,183,248,401,453,406,232,46,1
전라남도 나주시 성북동,4617055000,8687,642,901,1292,841,1320,1466,1106,706,353,59,1,4371,341,476,716,433,676,756,524,312,123,14,0,4316,301,425,576,408,644,710,582,394,230,45,1
전라남도 나주시 영산동,4617058000,3186,103,218,249,209,301,557,656,524,314,55,0,1597,59,99,136,108,197,317,340,235,88,18,0,1589,44,119,113,101,104,240,316,289,226,37,0
전라남도 나주시 이창동,4617060000,3344,102,194,373,280,392,601,670,464,230,37,1,1792,50,96,218,163,246,383,352,215,63,6,0,1552,52,98,155,117,146,218,318,249,167,31,1
전라남도 나주시 빛가람동,4617062000,39162,6368,4795,4699,8058,7953,4022,2231,767,233,35,1,19522,3275,2400,2226,4004,4105,2017,1045,376,65,8,1,19640,3093,2395,2473,4054,3848,2005,1186,391,168,27,0
전라남도 광양시 ,4623000000,150493,12667,15701,19367,18033,23123,29381,18210,8370,4781,839,21,78624,6442,8140,11295,9700,12003,15973,9582,3828,1522,138,1,71869,6225,7561,8072,8333,11120,13408,8628,4542,3259,701,20
전라남도 광양시 광양읍,4623025000,48377,4150,5066,5930,5667,7771,8559,6252,3040,1640,299,3,24777,2097,2651,3282,2917,4087,4540,3240,1397,513,53,0,23600,2053,2415,2648,2750,3684,4019,3012,1643,1127,246,3
전라남도 광양시 봉강면,4623031000,2140,63,127,176,140,188,437,429,295,232,52,1,1114,45,77,109,80,109,254,228,121,77,13,1,1026,18,50,67,60,79,183,201,174,155,39,0
전라남도 광양시 옥룡면,4623032000,3042,69,130,244,151,248,618,661,483,369,67,2,1501,36,64,145,75,126,352,368,207,114,14,0,1541,33,66,99,76,122,266,293,276,255,53,2
전라남도 광양시 옥곡면,4623033000,4967,257,266,601,498,533,1147,800,491,324,50,0,2554,132,134,353,283,265,618,420,223,118,8,0,2413,125,132,248,215,268,529,380,268,206,42,0
전라남도 광양시 진상면,4623034000,2759,55,122,176,156,199,532,562,512,374,69,2,1392,24,80,112,85,118,318,291,227,127,10,0,1367,31,42,64,71,81,214,271,285,247,59,2
전라남도 광양시 진월면,4623035000,2746,69,78,184,140,239,469,606,542,341,75,3,1367,32,40,112,84,157,289,291,241,111,10,0,1379,37,38,72,56,82,180,315,301,230,65,3
전라남도 광양시 다압면,4623036000,1757,38,84,117,86,146,320,430,287,219,26,4,885,19,43,80,44,93,182,230,112,78,4,0,872,19,41,37,42,53,138,200,175,141,22,4
전라남도 광양시 골약동,4623051500,3095,395,161,311,665,337,386,332,271,194,41,2,1660,199,84,179,367,200,247,175,133,69,7,0,1435,196,77,132,298,137,139,157,138,125,34,2
전라남도 광양시 중마동,4623053000,56617,5894,7208,7969,7992,10205,11120,4280,1281,584,81,3,29856,3005,3696,4583,4296,5179,6030,2295,583,180,9,0,26761,2889,3512,3386,3696,5026,5090,1985,698,404,72,3
전라남도 광양시 광영동,4623054000,11743,835,1097,1476,1201,1785,2711,1759,585,252,41,1,6215,428,556,864,671,965,1484,907,273,63,4,0,5528,407,541,612,530,820,1227,852,312,189,37,1
전라남도 광양시 금호동,4623055000,11534,792,1251,1999,1218,1296,2720,1755,373,112,18,0,6358,402,657,1350,714,588,1447,946,218,32,4,0,5176,390,594,649,504,708,1273,809,155,80,14,0
전라남도 광양시 태인동,4623057000,1716,50,111,184,119,176,362,344,210,140,20,0,945,23,58,126,84,116,212,191,93,40,2,0,771,27,53,58,35,60,150,153,117,100,18,0
전라남도 담양군 ,4671000000,46184,2196,2975,4534,3559,5104,8199,8746,6192,4044,608,27,23432,1074,1534,2692,1827,2908,4560,4567,2802,1323,143,2,22752,1122,1441,1842,1732,2196,3639,4179,3390,2721,465,25
전라남도 담양군 담양읍,4671025000,15158,1114,1259,1717,1585,2033,2450,2324,1594,923,151,8,7654,532,672,990,796,1100,1310,1183,712,325,33,1,7504,582,587,727,789,933,1140,1141,882,598,118,7
전라남도 담양군 봉산면,4671031000,2760,126,106,212,190,292,507,593,427,262,45,0,1411,61,58,113,105,189,292,304,177,103,9,0,1349,65,48,99,85,103,215,289,250,159,36,0
전라남도 담양군 고서면,4671032000,3100,93,157,260,209,289,588,707,486,271,38,2,1569,41,79,149,113,166,321,378,228,83,11,0,1531,52,78,111,96,123,267,329,258,188,27,2
전라남도 담양군 가사문학면,4671033500,1206,25,47,82,66,100,244,288,183,146,23,2,606,8,22,44,30,59,141,164,82,50,5,1,600,17,25,38,36,41,103,124,101,96,18,1
전라남도 담양군 창평면,4671034000,3615,122,241,286,235,324,682,752,544,387,41,1,1831,68,109,171,121,202,372,405,239,133,11,0,1784,54,132,115,114,122,310,347,305,254,30,1
전라남도 담양군 대덕면,4671035000,1893,47,102,168,108,171,385,415,280,187,28,2,984,23,64,93,56,97,217,240,129,60,5,0,909,24,38,75,52,74,168,175,151,127,23,2
전라남도 담양군 무정면,4671036000,2659,56,97,491,136,200,424,513,395,300,45,2,1468,26,49,407,78,114,243,263,180,96,12,0,1191,30,48,84,58,86,181,250,215,204,33,2
전라남도 담양군 금성면,4671037000,2580,78,111,195,166,246,448,534,425,318,54,5,1311,36,56,108,97,160,269,262,203,107,13,0,1269,42,55,87,69,86,179,272,222,211,41,5
전라남도 담양군 용면,4671038000,1814,61,74,143,107,178,318,405,321,179,26,2,909,37,33,77,48,113,174,203,152,62,10,0,905,24,41,66,59,65,144,202,169,117,16,2
전라남도 담양군 월산면,4671039000,2405,85,125,168,164,227,447,521,399,239,28,2,1212,38,61,92,78,131,261,270,201,76,4,0,1193,47,64,76,86,96,186,251,198,163,24,2
전라남도 담양군 수북면,4671040000,4639,206,313,431,303,547,888,913,566,405,66,1,2326,112,175,231,162,296,484,483,254,110,19,0,2313,94,138,200,141,251,404,430,312,295,47,1
전라남도 담양군 대전면,4671041000,4355,183,343,381,290,497,818,781,572,427,63,0,2151,92,156,217,143,281,476,412,245,118,11,0,2204,91,187,164,147,216,342,369,327,309,52,0
전라남도 곡성군 ,4672000000,27581,979,1871,2186,1622,2898,4764,5271,4122,3282,571,15,13557,512,1007,1207,856,1612,2656,2780,1789,1030,105,3,14024,467,864,979,766,1286,2108,2491,2333,2252,466,12
전라남도 곡성군 곡성읍,4672025000,7783,436,640,736,617,1030,1282,1317,948,659,113,5,3766,219,342,387,296,538,693,638,422,212,18,1,4017,217,298,349,321,492,589,679,526,447,95,4
전라남도 곡성군 오곡면,4672031000,1852,50,125,108,94,161,285,404,318,274,32,1,912,24,66,62,58,95,163,223,123,91,7,0,940,26,59,46,36,66,122,181,195,183,25,1
전라남도 곡성군 삼기면,4672032000,1657,29,80,92,68,141,277,353,300,261,56,0,812,13,46,59,40,92,146,198,126,82,10,0,845,16,34,33,28,49,131,155,174,179,46,0
전라남도 곡성군 석곡면,4672033000,2304,64,115,136,99,200,417,452,383,372,64,2,1087,39,66,78,50,102,232,233,168,107,11,1,1217,25,49,58,49,98,185,219,215,265,53,1
전라남도 곡성군 목사동면,4672034000,1310,19,34,63,63,87,234,288,254,235,31,2,646,14,13,38,43,55,135,154,111,78,5,0,664,5,21,25,20,32,99,134,143,157,26,2
전라남도 곡성군 죽곡면,4672035000,1889,39,82,129,78,146,339,419,356,248,53,0,920,25,46,71,41,76,184,224,171,75,7,0,969,14,36,58,37,70,155,195,185,173,46,0
전라남도 곡성군 고달면,4672036000,1160,28,47,76,44,86,197,239,226,190,27,0,580,19,21,47,26,60,115,134,92,61,5,0,580,9,26,29,18,26,82,105,134,129,22,0
전라남도 곡성군 옥과면,4672037000,4134,185,422,440,311,496,720,687,481,328,63,1,2073,88,230,234,167,260,398,359,215,105,17,0,2061,97,192,206,144,236,322,328,266,223,46,1
전라남도 곡성군 입면,4672038000,2415,59,191,205,98,296,460,415,334,304,53,0,1222,29,107,116,55,173,276,227,139,90,10,0,1193,30,84,89,43,123,184,188,195,214,43,0
전라남도 곡성군 겸면,4672039000,1666,36,84,91,87,146,294,340,304,237,45,2,820,20,43,48,48,101,167,188,118,78,8,1,846,16,41,43,39,45,127,152,186,159,37,1
전라남도 곡성군 오산면,4672040000,1411,34,51,110,63,109,259,357,218,174,34,2,719,22,27,67,32,60,147,202,104,51,7,0,692,12,24,43,31,49,112,155,114,123,27,2
전라남도 구례군 ,4673000000,25175,1037,1769,1864,1517,2693,4543,4885,3798,2662,393,14,12253,499,927,1050,779,1451,2532,2449,1619,865,79,3,12922,538,842,814,738,1242,2011,2436,2179,1797,314,11
전라남도 구례군 구례읍,4673025000,10683,629,1022,993,805,1372,1928,1773,1279,753,124,5,5186,297,541,551,388,690,1006,876,550,261,25,1,5497,332,481,442,417,682,922,897,729,492,99,4
전라남도 구례군 문척면,4673031000,1266,38,60,84,46,116,251,271,207,167,25,1,641,23,32,51,21,69,140,155,83,66,1,0,625,15,28,33,25,47,111,116,124,101,24,1
전라남도 구례군 간전면,4673032000,1491,42,67,80,73,134,281,306,287,198,23,0,733,20,30,40,36,86,171,153,124,67,6,0,758,22,37,40,37,48,110,153,163,131,17,0
전라남도 구례군 토지면,4673033000,2509,52,141,139,100,221,504,617,377,308,50,0,1230,27,69,85,58,123,283,315,161,96,13,0,1279,25,72,54,42,98,221,302,216,212,37,0
전라남도 구례군 마산면,4673034000,2612,95,173,188,139,300,447,523,408,291,43,5,1280,47,103,93,77,162,271,256,174,86,9,2,1332,48,70,95,62,138,176,267,234,205,34,3
전라남도 구례군 광의면,4673035000,2245,62,102,102,123,169,356,479,442,357,51,2,1070,28,55,59,72,101,209,240,189,109,8,0,1175,34,47,43,51,68,147,239,253,248,43,2
전라남도 구례군 용방면,4673036000,1429,34,49,96,87,142,218,288,272,209,34,0,688,18,28,56,53,77,125,140,116,66,9,0,741,16,21,40,34,65,93,148,156,143,25,0
전라남도 구례군 산동면,4673037000,2940,85,155,182,144,239,558,628,526,379,43,1,1425,39,69,115,74,143,327,314,222,114,8,0,1515,46,86,67,70,96,231,314,304,265,35,1
전라남도 고흥군 ,4677000000,62833,2424,3684,3885,3430,5988,9909,13011,11305,7858,1296,43,30566,1203,1986,2280,1856,3457,5606,6493,4947,2461,273,4,32267,1221,1698,1605,1574,2531,4303,6518,6358,5397,1023,39
전라남도 고흥군 고흥읍,4677025000,12411,969,1408,1220,1091,1822,1997,1850,1251,665,130,8,6112,486,763,682,521,908,1077,855,575,222,21,2,6299,483,645,538,570,914,920,995,676,443,109,6
전라남도 고흥군 도양읍,4677025300,9653,494,737,716,678,1119,1645,1940,1486,723,111,4,4726,238,389,409,349,591,894,938,652,248,18,0,4927,256,348,307,329,528,751,1002,834,475,93,4
전라남도 고흥군 도양읍소록출장소,4677025400,609,25,24,16,29,30,32,91,172,160,30,0,304,12,11,6,17,14,17,51,88,77,11,0,305,13,13,10,12,16,15,40,84,83,19,0
전라남도 고흥군 도양읍시산출장소,4677025500,223,1,12,8,16,31,42,33,42,35,3,0,116,1,4,7,12,26,26,18,15,7,0,0,107,0,8,1,4,5,16,15,27,28,3,0
전라남도 고흥군 풍양면,4677031000,3089,59,92,121,128,217,451,710,708,516,85,2,1526,33,46,82,82,158,287,362,293,164,19,0,1563,26,46,39,46,59,164,348,415,352,66,2
전라남도 고흥군 도덕면,4677032000,2914,76,115,148,130,221,462,617,583,473,89,0,1398,31,58,81,85,129,273,338,244,140,19,0,1516,45,57,67,45,92,189,279,339,333,70,0
전라남도 고흥군 금산면,4677033000,4262,115,180,207,151,321,660,944,936,663,84,1,2074,58,96,130,85,189,382,468,403,240,22,1,2188,57,84,77,66,132,278,476,533,423,62,0
전라남도 고흥군 도화면,4677034000,3807,78,158,184,147,293,611,871,793,572,93,7,1843,28,78,111,90,187,341,433,380,180,15,0,1964,50,80,73,57,106,270,438,413,392,78,7
전라남도 고흥군 포두면,4677035000,4847,115,214,230,191,407,802,1059,997,726,101,5,2339,50,117,145,110,251,460,519,415,247,25,0,2508,65,97,85,81,156,342,540,582,479,76,5
전라남도 고흥군 봉래면,4677036000,1867,51,84,73,64,148,282,434,390,294,46,1,920,28,39,43,35,105,173,219,176,88,13,1,947,23,45,30,29,43,109,215,214,206,33,0
전라남도 고흥군 점암면,4677037000,2640,38,92,107,85,198,405,620,559,434,102,0,1254,14,50,76,46,134,234,316,253,118,13,0,1386,24,42,31,39,64,171,304,306,316,89,0
전라남도 고흥군 과역면,4677038000,3286,86,108,202,150,235,549,744,609,511,86,6,1570,45,68,112,89,152,305,377,252,148,22,0,1716,41,40,90,61,83,244,367,357,363,64,6
전라남도 고흥군 남양면,4677039000,2270,52,98,115,110,149,335,590,466,301,54,0,1082,30,55,74,54,91,197,304,185,89,3,0,1188,22,43,41,56,58,138,286,281,212,51,0
전라남도 고흥군 동강면,4677040000,3069,97,112,190,159,260,447,703,575,444,78,4,1488,50,63,106,91,162,263,356,256,114,27,0,1581,47,49,84,68,98,184,347,319,330,51,4
전라남도 고흥군 대서면,4677041000,2223,59,68,100,93,123,349,548,432,406,45,0,1088,37,40,68,59,91,195,294,190,108,6,0,1135,22,28,32,34,32,154,254,242,298,39,0
전라남도 고흥군 두원면,4677042000,2972,57,95,118,91,208,413,618,716,552,100,4,1406,34,53,70,58,132,244,314,307,174,20,0,1566,23,42,48,33,76,169,304,409,378,80,4
전라남도 고흥군 영남면,4677044000,1244,26,36,55,47,81,198,277,303,184,36,1,586,13,24,29,31,52,110,138,129,49,11,0,658,13,12,26,16,29,88,139,174,135,25,1
전라남도 고흥군 동일면,4677045000,1447,26,51,75,70,125,229,362,287,199,23,0,734,15,32,49,42,85,128,193,134,48,8,0,713,11,19,26,28,40,101,169,153,151,15,0
전라남도 보성군 ,4678000000,39478,1538,2506,2774,2319,3899,6513,7770,6434,4920,780,25,19264,810,1279,1605,1234,2208,3656,3973,2781,1553,161,4,20214,728,1227,1169,1085,1691,2857,3797,3653,3367,619,21
전라남도 보성군 보성읍,4678025000,8885,591,828,896,773,1159,1502,1395,966,679,93,3,4349,316,398,484,398,577,806,682,431,236,21,0,4536,275,430,412,375,582,696,713,535,443,72,3
전라남도 보성군 벌교읍,4678025300,11525,461,802,783,678,1185,1851,2280,1971,1295,210,9,5627,241,418,451,357,683,1034,1132,849,421,38,3,5898,220,384,332,321,502,817,1148,1122,874,172,6
전라남도 보성군 노동면,4678031000,1087,21,39,62,46,77,170,227,199,205,40,1,523,10,24,38,25,52,101,128,91,47,7,0,564,11,15,24,21,25,69,99,108,158,33,1
전라남도 보성군 미력면,4678032000,1412,36,59,86,73,112,227,308,253,222,35,1,702,18,35,52,44,67,141,172,100,68,5,0,710,18,24,34,29,45,86,136,153,154,30,1
전라남도 보성군 겸백면,4678033000,1144,26,48,57,50,94,184,218,219,215,32,1,555,12,26,32,24,53,115,119,104,58,12,0,589,14,22,25,26,41,69,99,115,157,20,1
전라남도 보성군 율어면,4678034000,1180,36,63,57,57,99,188,228,214,209,28,1,578,24,32,36,33,64,114,126,79,64,6,0,602,12,31,21,24,35,74,102,135,145,22,1
전라남도 보성군 복내면,4678035000,1647,59,70,103,63,111,268,357,295,277,44,0,784,23,43,59,30,69,150,201,123,76,10,0,863,36,27,44,33,42,118,156,172,201,34,0
전라남도 보성군 문덕면,4678036000,888,16,49,44,26,83,158,194,161,136,20,1,455,7,21,29,18,51,106,104,75,40,4,0,433,9,28,15,8,32,52,90,86,96,16,1
전라남도 보성군 조성면,4678037000,3645,101,165,209,171,310,573,786,711,539,78,2,1752,60,88,128,87,196,326,384,303,163,16,1,1893,41,77,81,84,114,247,402,408,376,62,1
전라남도 보성군 득량면,4678038000,2743,51,128,127,127,221,450,626,500,431,79,3,1340,21,70,79,70,135,277,319,215,137,17,0,1403,30,58,48,57,86,173,307,285,294,62,3
전라남도 보성군 득량면예당출장소,4678038500,1224,42,67,91,72,125,201,251,207,151,17,0,590,29,30,58,41,72,89,127,94,50,0,0,634,13,37,33,31,53,112,124,113,101,17,0
전라남도 보성군 회천면,4678039000,3037,75,158,191,135,250,572,678,536,372,68,2,1494,38,75,120,76,143,301,367,232,127,15,0,1543,37,83,71,59,107,271,311,304,245,53,2
전라남도 보성군 웅치면,4678040000,1061,23,30,68,48,73,169,222,202,189,36,1,515,11,19,39,31,46,96,112,85,66,10,0,546,12,11,29,17,27,73,110,117,123,26,1
전라남도 화순군 ,4679000000,62618,3276,5528,6652,4678,7924,11404,10173,7283,4974,703,23,30908,1661,2880,3596,2408,4043,6186,5364,3098,1509,160,3,31710,1615,2648,3056,2270,3881,5218,4809,4185,3465,543,20
전라남도 화순군 화순읍,4679025000,39683,2715,4559,5162,3559,6086,7298,4998,3251,1800,240,15,19468,1377,2372,2754,1779,2922,3771,2480,1360,598,54,1,20215,1338,2187,2408,1780,3164,3527,2518,1891,1202,186,14
전라남도 화순군 한천면,4679031000,918,18,36,56,39,104,155,199,187,111,12,1,470,7,21,33,21,68,97,102,86,35,0,0,448,11,15,23,18,36,58,97,101,76,12,1
전라남도 화순군 한천면영외출장소,4679031500,423,9,16,11,14,37,70,91,106,62,7,0,201,2,12,6,8,21,47,43,42,19,1,0,222,7,4,5,6,16,23,48,64,43,6,0
전라남도 화순군 춘양면,4679032000,1750,25,59,110,79,114,295,399,326,301,42,0,890,13,34,57,44,76,188,235,147,86,10,0,860,12,25,53,35,38,107,164,179,215,32,0
전라남도 화순군 청풍면,4679033000,1041,25,22,48,36,56,186,233,194,214,27,0,503,12,9,27,20,44,111,142,75,57,6,0,538,13,13,21,16,12,75,91,119,157,21,0
전라남도 화순군 이양면,4679034000,1778,38,42,96,77,125,309,401,325,312,50,3,868,22,22,51,44,73,192,224,150,80,8,2,910,16,20,45,33,52,117,177,175,232,42,1
전라남도 화순군 능주면,4679035000,3198,117,258,255,189,328,510,713,479,307,42,0,1578,57,117,155,108,181,287,372,201,92,8,0,1620,60,141,100,81,147,223,341,278,215,34,0
전라남도 화순군 도곡면,4679036000,2844,80,116,202,169,258,532,653,428,343,62,1,1419,34,68,113,100,154,304,351,199,80,16,0,1425,46,48,89,69,104,228,302,229,263,46,1
전라남도 화순군 도암면,4679037000,1417,29,60,72,48,94,252,325,275,238,24,0,720,17,35,42,28,56,154,185,108,88,7,0,697,12,25,30,20,38,98,140,167,150,17,0
전라남도 화순군 이서면,4679038000,952,16,34,59,39,67,198,218,171,131,19,0,490,7,15,37,20,43,114,127,77,41,9,0,462,9,19,22,19,24,84,91,94,90,10,0
전라남도 화순군 백아면,4679039500,1576,29,65,76,62,102,283,370,328,227,34,0,784,19,29,48,33,67,176,208,133,64,7,0,792,10,36,28,29,35,107,162,195,163,27,0
전라남도 화순군 동복면,4679040000,1597,29,56,114,58,107,295,332,322,241,43,0,756,14,26,66,38,58,162,194,123,70,5,0,841,15,30,48,20,49,133,138,199,171,38,0
전라남도 화순군 사평면,4679041500,2126,50,55,139,111,159,385,496,380,298,52,1,1077,30,32,76,63,108,223,279,161,90,15,0,1049,20,23,63,48,51,162,217,219,208,37,1
전라남도 화순군 동면,4679042000,3315,96,150,252,198,287,636,745,511,389,49,2,1684,50,88,131,102,172,360,422,236,109,14,0,1631,46,62,121,96,115,276,323,275,280,35,2
전라남도 장흥군 ,4680000000,36622,1838,2627,2876,2526,3846,6138,6726,5347,4006,675,17,17821,909,1397,1627,1339,2124,3388,3341,2316,1248,129,3,18801,929,1230,1249,1187,1722,2750,3385,3031,2758,546,14
전라남도 장흥군 장흥읍,4680025000,14969,1217,1528,1540,1437,2030,2463,2186,1479,924,162,3,7323,596,804,855,717,1020,1310,1042,654,297,28,0,7646,621,724,685,720,1010,1153,1144,825,627,134,3
전라남도 장흥군 관산읍,4680025300,4844,137,279,306,263,404,796,1017,889,645,104,4,2344,74,155,181,142,233,439,515,369,211,24,1,2500,63,124,125,121,171,357,502,520,434,80,3
전라남도 장흥군 대덕읍,4680025600,3292,121,196,205,167,301,566,672,563,430,70,1,1581,47,104,118,89,188,319,332,246,123,15,0,1711,74,92,87,78,113,247,340,317,307,55,1
전라남도 장흥군 용산면,4680031000,2309,79,115,120,126,197,346,515,397,342,69,3,1118,42,61,76,73,122,193,273,168,99,11,0,1191,37,54,44,53,75,153,242,229,243,58,3
전라남도 장흥군 안양면,4680032000,2791,75,125,180,153,240,474,596,474,383,89,2,1356,47,73,98,95,138,271,303,205,112,14,0,1435,28,52,82,58,102,203,293,269,271,75,2
전라남도 장흥군 장동면,4680033000,1220,33,43,63,61,86,201,274,203,226,28,2,592,13,22,33,36,56,124,141,93,67,6,1,628,20,21,30,25,30,77,133,110,159,22,1
전라남도 장흥군 장평면,4680034000,2067,37,91,134,89,144,368,399,388,370,46,1,982,18,42,76,54,99,207,210,159,106,11,0,1085,19,49,58,35,45,161,189,229,264,35,1
전라남도 장흥군 유치면,4680035000,1036,13,27,55,44,85,236,250,180,124,22,0,523,3,17,30,28,53,140,131,81,35,5,0,513,10,10,25,16,32,96,119,99,89,17,0
전라남도 장흥군 부산면,4680036000,1385,29,66,84,47,113,254,245,246,246,54,1,678,18,32,44,24,68,157,131,106,87,10,1,707,11,34,40,23,45,97,114,140,159,44,0
전라남도 장흥군 회진면,4680037000,2709,97,157,189,139,246,434,572,528,316,31,0,1324,51,87,116,81,147,228,263,235,111,5,0,1385,46,70,73,58,99,206,309,293,205,26,0
전라남도 강진군 ,4681000000,33793,1544,2414,2721,2255,3545,5520,6440,5085,3664,594,11,16370,766,1238,1544,1165,1947,3016,3247,2207,1127,108,5,17423,778,1176,1177,1090,1598,2504,3193,2878,2537,486,6
전라남도 강진군 강진읍,4681025000,13274,865,1326,1471,1164,1760,2192,2097,1447,821,130,1,6401,439,655,808,587,866,1127,1017,629,247,25,1,6873,426,671,663,577,894,1065,1080,818,574,105,0
전라남도 강진군 군동면,4681031000,4397,242,333,352,340,460,719,785,595,493,75,3,2127,114,189,203,176,246,378,427,238,142,14,0,2270,128,144,149,164,214,341,358,357,351,61,3
전라남도 강진군 칠량면,4681032000,2234,53,109,136,98,181,363,485,427,328,52,2,1081,31,46,80,53,115,195,251,188,114,7,1,1153,22,63,56,45,66,168,234,239,214,45,1
전라남도 강진군 대구면,4681033000,1128,24,44,51,56,93,182,263,231,150,33,1,544,8,23,33,31,61,110,125,104,45,4,0,584,16,21,18,25,32,72,138,127,105,29,1
전라남도 강진군 도암면,4681034000,2434,49,128,109,98,178,358,577,490,382,64,1,1178,25,69,64,60,107,209,301,219,112,11,1,1256,24,59,45,38,71,149,276,271,270,53,0
전라남도 강진군 신전면,4681035000,1768,66,88,66,79,156,288,406,324,260,35,0,855,28,42,39,38,101,162,203,154,85,3,0,913,38,46,27,41,55,126,203,170,175,32,0
전라남도 강진군 성전면,4681036000,2759,89,118,179,157,239,418,619,502,372,66,0,1363,44,58,115,80,149,240,318,228,116,15,0,1396,45,60,64,77,90,178,301,274,256,51,0
전라남도 강진군 작천면,4681037000,1823,33,68,111,79,124,320,378,356,316,36,2,891,22,35,62,48,80,198,194,146,97,8,1,932,11,33,49,31,44,122,184,210,219,28,1
전라남도 강진군 병영면,4681038000,1602,43,77,93,60,129,269,348,284,250,48,1,752,18,45,50,31,80,152,175,112,77,11,1,850,25,32,43,29,49,117,173,172,173,37,0
전라남도 강진군 옴천면,4681039000,610,11,43,35,17,47,100,107,122,103,25,0,302,5,28,22,4,35,64,59,53,26,6,0,308,6,15,13,13,12,36,48,69,77,19,0
전라남도 강진군 마량면,4681040000,1764,69,80,118,107,178,311,375,307,189,30,0,876,32,48,68,57,107,181,177,136,66,4,0,888,37,32,50,50,71,130,198,171,123,26,0
전라남도 해남군 ,4682000000,67328,3617,4991,5380,4623,7631,11378,12704,9860,6216,897,31,33346,1832,2559,3058,2469,4239,6350,6396,4329,1954,160,0,33982,1785,2432,2322,2154,3392,5028,6308,5531,4262,737,31
전라남도 해남군 해남읍,4682025000,24501,2157,2849,2715,2399,3718,4110,3378,2023,1003,147,2,12031,1092,1435,1490,1180,1783,2147,1651,905,319,29,0,12470,1065,1414,1225,1219,1935,1963,1727,1118,684,118,2
전라남도 해남군 삼산면,4682031000,2900,78,141,203,159,251,548,627,524,311,56,2,1463,38,80,113,99,154,302,331,227,106,13,0,1437,40,61,90,60,97,246,296,297,205,43,2
전라남도 해남군 화산면,4682032000,3142,115,110,193,180,273,514,680,632,405,39,1,1559,59,54,99,115,177,306,333,281,128,7,0,1583,56,56,94,65,96,208,347,351,277,32,1
전라남도 해남군 현산면,4682033000,2762,61,124,151,120,219,479,635,559,361,51,2,1376,33,66,100,74,131,275,327,248,113,9,0,1386,28,58,51,46,88,204,308,311,248,42,2
전라남도 해남군 송지면,4682034000,6020,265,345,438,357,607,1053,1258,965,661,68,3,2951,128,176,269,208,352,566,603,434,207,8,0,3069,137,169,169,149,255,487,655,531,454,60,3
전라남도 해남군 북평면,4682035000,2766,81,162,176,112,236,452,592,553,356,46,0,1345,38,82,100,58,145,257,291,242,115,17,0,1421,43,80,76,54,91,195,301,311,241,29,0
전라남도 해남군 북일면,4682036000,1944,36,76,122,64,150,321,416,410,308,41,0,928,20,38,66,37,96,191,214,161,101,4,0,1016,16,38,56,27,54,130,202,249,207,37,0
전라남도 해남군 옥천면,4682037000,2929,81,152,189,122,292,504,563,539,413,71,3,1468,45,84,102,69,180,294,304,240,138,12,0,1461,36,68,87,53,112,210,259,299,275,59,3
전라남도 해남군 계곡면,4682038000,2100,65,82,79,92,195,297,473,391,374,50,2,996,29,46,48,44,123,172,237,171,114,12,0,1104,36,36,31,48,72,125,236,220,260,38,2
전라남도 해남군 마산면,4682039000,2342,61,128,131,92,219,411,467,458,315,59,1,1193,36,75,80,54,149,263,238,191,96,11,0,1149,25,53,51,38,70,148,229,267,219,48,1
전라남도 해남군 황산면,4682040000,4733,168,231,265,258,384,800,1173,835,534,80,5,2330,82,124,168,152,231,447,582,369,161,14,0,2403,86,107,97,106,153,353,591,466,373,66,5
전라남도 해남군 산이면,4682041000,3695,163,185,217,232,372,606,765,679,407,67,2,1885,82,91,125,131,262,365,411,287,126,5,0,1810,81,94,92,101,110,241,354,392,281,62,2
전라남도 해남군 문내면,4682042000,3957,170,221,255,227,352,672,883,712,401,62,2,1987,90,116,160,117,210,391,446,325,123,9,0,1970,80,105,95,110,142,281,437,387,278,53,2
전라남도 해남군 화원면,4682043000,3537,116,185,246,209,363,611,794,580,367,60,6,1834,60,92,138,131,246,374,428,248,107,10,0,1703,56,93,108,78,117,237,366,332,260,50,6
전라남도 영암군 ,4683000000,52964,3192,4302,4901,4432,7207,9444,8560,6143,4188,583,12,27488,1632,2271,2883,2405,4311,5416,4492,2653,1308,116,1,25476,1560,2031,2018,2027,2896,4028,4068,3490,2880,467,11
전라남도 영암군 영암읍,4683025000,8025,523,776,823,651,1014,1397,1297,913,523,106,2,3970,276,410,459,325,534,721,663,396,161,25,0,4055,247,366,364,326,480,676,634,517,362,81,2
전라남도 영암군 삼호읍,4683025300,15094,1446,1801,1635,1770,2900,2590,1662,854,399,37,0,8090,703,941,908,888,1736,1505,892,388,124,5,0,7004,743,860,727,882,1164,1085,770,466,275,32,0
전라남도 영암군 삼호읍서부출장소,4683025400,6417,489,654,902,766,1240,1429,562,237,115,23,0,3761,251,344,568,460,778,884,337,103,32,4,0,2656,238,310,334,306,462,545,225,134,83,19,0
전라남도 영암군 덕진면,4683031000,1819,65,87,100,112,157,322,343,304,289,40,0,908,38,45,62,75,97,200,167,131,85,8,0,911,27,42,38,37,60,122,176,173,204,32,0
전라남도 영암군 금정면,4683032000,2034,44,59,111,87,163,391,465,376,291,45,2,1024,18,37,71,45,94,234,272,164,80,9,0,1010,26,22,40,42,69,157,193,212,211,36,2
전라남도 영암군 신북면,4683033000,3658,90,190,245,196,355,642,827,635,431,47,0,1835,43,102,169,115,205,346,431,268,146,10,0,1823,47,88,76,81,150,296,396,367,285,37,0
전라남도 영암군 시종면,4683034000,3441,106,116,210,181,297,570,805,624,464,66,2,1745,61,65,138,111,199,350,403,273,134,11,0,1696,45,51,72,70,98,220,402,351,330,55,2
전라남도 영암군 도포면,4683035000,2232,61,99,174,121,187,409,465,388,302,25,1,1147,44,64,106,79,118,230,243,168,90,5,0,1085,17,35,68,42,69,179,222,220,212,20,1
전라남도 영암군 군서면,4683036000,3161,102,162,218,163,281,521,634,592,425,61,2,1530,63,89,130,89,163,298,323,239,125,10,1,1631,39,73,88,74,118,223,311,353,300,51,1
전라남도 영암군 서호면,4683037000,1878,62,83,103,98,139,296,394,364,296,42,1,909,26,48,60,57,89,170,205,149,98,7,0,969,36,35,43,41,50,126,189,215,198,35,1
전라남도 영암군 학산면,4683038000,2990,137,181,249,149,276,503,613,473,350,58,1,1453,76,80,134,76,164,273,307,208,120,15,0,1537,61,101,115,73,112,230,306,265,230,43,1
전라남도 영암군 미암면,4683039000,2215,67,94,131,138,198,374,493,383,303,33,1,1116,33,46,78,85,134,205,249,166,113,7,0,1099,34,48,53,53,64,169,244,217,190,26,1
전라남도 무안군 ,4684000000,90973,8195,9676,9497,11155,14446,13483,11538,7901,4453,606,23,45682,4219,4909,5094,5644,7557,7389,5813,3604,1352,100,1,45291,3976,4767,4403,5511,6889,6094,5725,4297,3101,506,22
전라남도 무안군 무안읍,4684025000,10930,731,1107,1316,973,1546,1936,1642,1092,532,54,1,5478,383,580,752,515,787,1027,789,473,165,7,0,5452,348,527,564,458,759,909,853,619,367,47,1
전라남도 무안군 일로읍,4684025300,16391,2500,1708,1162,2786,2748,1886,1662,1171,669,96,3,8170,1301,833,620,1331,1506,1023,806,537,195,18,0,8221,1199,875,542,1455,1242,863,856,634,474,78,3
전라남도 무안군 삼향읍,4684025600,5410,157,289,490,323,571,1079,1231,770,431,66,3,2852,76,140,276,185,339,629,683,380,138,6,0,2558,81,149,214,138,232,450,548,390,293,60,3
전라남도 무안군 삼향읍남악출장소,4684025800,34661,4261,5397,4618,5790,7402,4312,1831,734,279,37,0,17143,2181,2748,2319,2818,3561,2227,868,330,85,6,0,17518,2080,2649,2299,2972,3841,2085,963,404,194,31,0
전라남도 무안군 몽탄면,4684032000,3098,46,130,234,148,253,578,635,564,446,64,0,1543,19,70,142,94,163,332,333,252,126,12,0,1555,27,60,92,54,90,246,302,312,320,52,0
전라남도 무안군 청계면,4684033000,6290,183,400,702,412,673,1115,1274,896,540,86,9,3260,98,206,412,246,398,637,663,419,166,15,0,3030,85,194,290,166,275,478,611,477,374,71,9
전라남도 무안군 현경면,4684034000,4533,93,181,303,244,368,851,1031,867,528,67,0,2310,48,82,177,152,253,519,524,389,154,12,0,2223,45,99,126,92,115,332,507,478,374,55,0
전라남도 무안군 망운면,4684035000,1925,48,84,127,117,180,333,472,355,168,38,3,991,27,45,70,69,113,195,244,166,56,6,0,934,21,39,57,48,67,138,228,189,112,32,3
전라남도 무안군 해제면,4684036000,4842,110,213,334,220,448,815,1092,951,587,69,3,2452,59,120,214,134,282,461,552,433,187,10,0,2390,51,93,120,86,166,354,540,518,400,59,3
전라남도 무안군 운남면,4684037000,2893,66,167,211,142,257,578,668,501,273,29,1,1483,27,85,112,100,155,339,351,225,80,8,1,1410,39,82,99,42,102,239,317,276,193,21,0
전라남도 함평군 ,4686000000,31343,1217,2011,2349,1847,3276,5365,6195,4945,3596,526,16,15776,632,1087,1386,987,1941,3148,3274,2103,1099,119,0,15567,585,924,963,860,1335,2217,2921,2842,2497,407,16
전라남도 함평군 함평읍,4686025000,8284,482,783,751,618,1099,1371,1332,1033,710,104,1,4092,240,431,420,299,592,753,677,435,225,20,0,4192,242,352,331,319,507,618,655,598,485,84,1
전라남도 함평군 손불면,4686031000,3320,118,179,175,143,334,553,677,646,441,53,1,1674,54,89,103,82,224,333,364,260,153,12,0,1646,64,90,72,61,110,220,313,386,288,41,1
전라남도 함평군 신광면,4686032000,1794,54,60,111,104,151,294,421,319,240,39,1,886,31,26,61,57,109,160,212,145,73,12,0,908,23,34,50,47,42,134,209,174,167,27,1
전라남도 함평군 학교면,4686033000,3717,115,198,250,199,351,616,798,625,484,79,2,1865,68,106,154,108,218,368,424,263,141,15,0,1852,47,92,96,91,133,248,374,362,343,64,2
전라남도 함평군 엄다면,4686034000,1845,45,80,126,81,161,335,386,316,271,43,1,898,16,45,82,51,96,197,204,125,72,10,0,947,29,35,44,30,65,138,182,191,199,33,1
전라남도 함평군 대동면,4686035000,3080,84,240,234,159,259,575,586,499,379,62,3,1598,47,140,148,98,141,358,303,229,123,11,0,1482,37,100,86,61,118,217,283,270,256,51,3
전라남도 함평군 나산면,4686036000,2795,96,118,182,167,242,463,670,457,349,51,0,1386,50,62,105,87,141,275,373,192,95,6,0,1409,46,56,77,80,101,188,297,265,254,45,0
전라남도 함평군 해보면,4686037000,2784,84,129,237,177,276,512,598,420,309,40,2,1419,46,65,134,87,153,304,333,184,102,11,0,1365,38,64,103,90,123,208,265,236,207,29,2
전라남도 함평군 월야면,4686038000,3724,139,224,283,199,403,646,727,630,413,55,5,1958,80,123,179,118,267,400,384,270,115,22,0,1766,59,101,104,81,136,246,343,360,298,33,5
전라남도 영광군 ,4687000000,52024,3646,4000,4697,4597,6224,8430,8648,6955,4261,539,27,25979,1830,2083,2676,2359,3460,4700,4423,3014,1319,115,0,26045,1816,1917,2021,2238,2764,3730,4225,3941,2942,424,27
전라남도 영광군 영광읍,4687025000,21654,2019,2335,2339,2247,3220,3491,2934,1939,996,125,9,10626,1007,1208,1263,1087,1593,1814,1424,878,325,27,0,11028,1012,1127,1076,1160,1627,1677,1510,1061,671,98,9
전라남도 영광군 백수읍,4687025300,4560,177,213,323,261,396,790,861,855,603,77,4,2279,90,114,195,154,254,473,447,346,188,18,0,2281,87,99,128,107,142,317,414,509,415,59,4
전라남도 영광군 홍농읍,4687025600,6655,615,504,762,823,837,1105,897,682,382,46,2,3514,325,244,467,462,472,639,474,299,126,6,0,3141,290,260,295,361,365,466,423,383,256,40,2
전라남도 영광군 대마면,4687031000,1729,82,84,149,148,151,271,330,286,194,32,2,912,37,57,84,85,102,161,194,129,55,8,0,817,45,27,65,63,49,110,136,157,139,24,2
전라남도 영광군 묘량면,4687032000,1733,86,73,114,114,142,274,350,296,251,32,1,855,49,39,57,50,96,151,193,131,78,11,0,878,37,34,57,64,46,123,157,165,173,21,1
전라남도 영광군 불갑면,4687033000,1339,62,53,82,110,100,218,294,251,150,19,0,665,27,21,48,54,65,129,149,116,51,5,0,674,35,32,34,56,35,89,145,135,99,14,0
전라남도 영광군 군서면,4687034000,2286,82,152,167,119,232,380,411,405,297,37,4,1159,41,84,102,69,143,250,210,161,92,7,0,1127,41,68,65,50,89,130,201,244,205,30,4
전라남도 영광군 군남면,4687035000,2368,83,91,107,116,185,327,466,508,436,48,1,1138,44,55,60,61,114,199,247,205,142,11,0,1230,39,36,47,55,71,128,219,303,294,37,1
전라남도 영광군 염산면,4687036000,3942,142,158,203,222,345,627,953,818,416,58,0,1916,64,79,126,116,234,345,471,365,102,14,0,2026,78,79,77,106,111,282,482,453,314,44,0
전라남도 영광군 법성면,4687037000,5179,273,325,416,409,533,836,982,835,504,62,4,2560,133,175,251,205,325,459,513,341,150,8,0,2619,140,150,165,204,208,377,469,494,354,54,4
전라남도 영광군 낙월면,4687038000,388,14,9,26,19,56,82,114,45,21,2,0,242,6,5,17,12,43,60,68,25,6,0,0,146,8,4,9,7,13,22,46,20,15,2,0
전라남도 영광군 낙월면안마출장소,4687038500,191,11,3,9,9,27,29,56,35,11,1,0,113,7,2,6,4,19,20,33,18,4,0,0,78,4,1,3,5,8,9,23,17,7,1,0
전라남도 장성군 ,4688000000,43518,2495,3168,3936,3418,5245,7443,7635,5731,3898,532,17,22272,1251,1658,2334,1829,2939,4265,4064,2546,1270,114,2,21246,1244,1510,1602,1589,2306,3178,3571,3185,2628,418,15
전라남도 장성군 장성읍,4688025000,13371,952,1217,1247,1089,1903,2186,2082,1606,953,132,4,6620,496,623,693,535,1011,1216,1016,712,294,24,0,6751,456,594,554,554,892,970,1066,894,659,108,4
전라남도 장성군 진원면,4688031000,3648,281,303,284,252,452,625,658,447,301,42,3,1850,148,164,156,114,238,377,335,210,96,11,1,1798,133,139,128,138,214,248,323,237,205,31,2
전라남도 장성군 남면,4688032000,3700,136,166,373,305,399,699,756,493,324,48,1,2007,64,88,223,192,262,399,427,235,105,12,0,1693,72,78,150,113,137,300,329,258,219,36,1
전라남도 장성군 동화면,4688033000,1791,47,68,123,120,176,342,373,275,232,34,1,943,20,30,79,78,112,206,217,111,81,9,0,848,27,38,44,42,64,136,156,164,151,25,1
전라남도 장성군 삼서면,4688034000,3117,132,174,236,172,342,569,616,474,365,36,1,1667,77,95,182,94,214,319,337,214,127,8,0,1450,55,79,54,78,128,250,279,260,238,28,1
전라남도 장성군 삼계면,4688035000,5948,575,592,789,761,804,855,677,502,355,37,1,3131,278,314,484,412,439,507,380,199,107,11,0,2817,297,278,305,349,365,348,297,303,248,26,1
전라남도 장성군 황룡면,4688036000,4008,158,248,379,261,479,787,762,538,340,55,1,2031,68,123,228,145,270,434,423,232,97,10,1,1977,90,125,151,116,209,353,339,306,243,45,0
전라남도 장성군 서삼면,4688037000,1528,52,94,114,105,152,279,308,236,161,27,0,788,24,51,62,62,88,165,166,106,57,7,0,740,28,43,52,43,64,114,142,130,104,20,0
전라남도 장성군 북일면,4688038000,1376,40,51,91,76,96,225,316,258,190,32,1,690,12,28,58,44,49,134,167,113,78,7,0,686,28,23,33,32,47,91,149,145,112,25,1
전라남도 장성군 북이면,4688039000,2849,66,161,186,140,247,468,567,517,446,49,2,1421,37,92,109,77,144,272,302,230,148,10,0,1428,29,69,77,63,103,196,265,287,298,39,2
전라남도 장성군 북하면,4688040000,2182,56,94,114,137,195,408,520,385,231,40,2,1124,27,50,60,76,112,236,294,184,80,5,0,1058,29,44,54,61,83,172,226,201,151,35,2
전라남도 완도군 ,4689000000,48770,2914,3506,3586,3642,5944,7883,8737,7327,4580,633,18,24537,1504,1826,2100,1966,3471,4434,4371,3276,1462,125,2,24233,1410,1680,1486,1676,2473,3449,4366,4051,3118,508,16
전라남도 완도군 완도읍,4689025000,17987,1377,1687,1811,1658,2615,3054,2910,1861,879,130,5,9051,739,868,1030,827,1363,1632,1425,854,282,31,0,8936,638,819,781,831,1252,1422,1485,1007,597,99,5
전라남도 완도군 금일읍,4689025300,3639,196,190,199,275,409,553,739,608,421,49,0,1842,95,97,121,160,269,325,365,272,130,8,0,1797,101,93,78,115,140,228,374,336,291,41,0
전라남도 완도군 노화읍,4689025600,4307,292,395,270,338,567,637,663,635,449,60,1,2150,137,217,160,189,331,360,339,274,137,6,0,2157,155,178,110,149,236,277,324,361,312,54,1
전라남도 완도군 노화읍넙도출장소,4689029000,771,45,49,41,68,114,119,155,138,40,1,1,420,21,27,25,45,82,66,75,66,13,0,0,351,24,22,16,23,32,53,80,72,27,1,1
전라남도 완도군 군외면,4689031000,3152,86,120,176,145,311,529,711,628,392,53,1,1584,50,60,96,92,200,305,355,298,121,7,0,1568,36,60,80,53,111,224,356,330,271,46,1
전라남도 완도군 신지면,4689032000,3340,122,189,190,202,338,579,640,591,431,57,1,1701,56,91,128,117,208,339,336,260,152,14,0,1639,66,98,62,85,130,240,304,331,279,43,1
전라남도 완도군 고금면,4689033000,4152,172,261,247,221,402,615,709,843,604,75,3,2030,83,129,152,126,242,364,355,358,205,16,0,2122,89,132,95,95,160,251,354,485,399,59,3
전라남도 완도군 약산면,4689034000,2292,111,97,127,104,197,384,488,450,293,40,1,1167,68,47,80,57,132,227,244,208,95,9,0,1125,43,50,47,47,65,157,244,242,198,31,1
전라남도 완도군 청산면,4689035000,2071,61,87,124,121,188,348,429,374,286,52,1,1017,29,51,72,74,111,211,218,154,84,12,1,1054,32,36,52,47,77,137,211,220,202,40,0
전라남도 완도군 청산면모도출장소,4689035500,218,4,9,8,4,24,38,36,47,39,8,1,115,3,5,8,2,17,24,21,25,10,0,0,103,1,4,0,2,7,14,15,22,29,8,1
전라남도 완도군 소안면,4689036000,2439,130,132,126,166,267,338,467,479,293,40,1,1210,60,71,72,94,181,198,229,190,104,10,1,1229,70,61,54,72,86,140,238,289,189,30,0
전라남도 완도군 금당면,4689037000,975,40,50,63,58,94,159,170,177,141,22,1,485,18,30,36,34,60,91,92,80,39,5,0,490,22,20,27,24,34,68,78,97,102,17,1
전라남도 완도군 보길면,4689038000,2615,239,214,143,230,331,396,461,350,220,31,0,1335,123,117,82,120,209,217,234,169,59,5,0,1280,116,97,61,110,122,179,227,181,161,26,0
전라남도 완도군 생일면,4689039000,812,39,26,61,52,87,134,159,146,92,15,1,430,22,16,38,29,66,75,83,68,31,2,0,382,17,10,23,23,21,59,76,78,61,13,1
전라남도 진도군 ,4690000000,30104,1565,2167,2421,2085,3399,4951,5509,4531,3073,393,10,14925,765,1098,1420,1110,1974,2801,2810,1957,917,73,0,15179,800,1069,1001,975,1425,2150,2699,2574,2156,320,10
전라남도 진도군 진도읍,4690025000,10761,834,1133,1220,1063,1543,1721,1569,1042,560,74,2,5299,401,588,697,531,791,891,750,463,172,15,0,5462,433,545,523,532,752,830,819,579,388,59,2
전라남도 진도군 군내면,4690031000,2954,100,162,181,166,285,513,607,532,365,43,0,1498,52,77,114,99,172,298,330,236,110,10,0,1456,48,85,67,67,113,215,277,296,255,33,0
전라남도 진도군 고군면,4690032000,3559,177,255,236,230,379,554,743,534,388,60,3,1736,92,120,138,125,226,311,369,226,118,11,0,1823,85,135,98,105,153,243,374,308,270,49,3
전라남도 진도군 의신면,4690033000,3449,116,161,209,177,355,583,739,614,435,59,1,1759,62,85,121,103,235,344,386,265,145,13,0,1690,54,76,88,74,120,239,353,349,290,46,1
전라남도 진도군 임회면,4690034000,3397,115,174,217,170,286,608,666,646,446,69,0,1649,58,83,120,92,178,355,345,280,128,10,0,1748,57,91,97,78,108,253,321,366,318,59,0
전라남도 진도군 지산면,4690035000,3065,95,110,193,132,219,484,651,649,480,51,1,1475,45,53,122,74,151,285,327,273,137,8,0,1590,50,57,71,58,68,199,324,376,343,43,1
전라남도 진도군 조도면,4690036000,2274,91,126,128,113,258,370,427,408,326,24,3,1175,39,64,85,68,170,241,247,167,91,3,0,1099,52,62,43,45,88,129,180,241,235,21,3
전라남도 진도군 조도면가사출장소,4690036500,263,14,6,16,13,29,45,47,45,44,4,0,140,7,6,7,8,21,27,30,23,9,2,0,123,7,0,9,5,8,18,17,22,35,2,0
전라남도 진도군 조도면거차출장소,4690036600,382,23,40,21,21,45,73,60,61,29,9,0,194,9,22,16,10,30,49,26,24,7,1,0,188,14,18,5,11,15,24,34,37,22,8,0
전라남도 신안군 ,4691000000,38243,1418,1965,2534,2491,4105,6898,7951,6225,4129,516,11,20471,728,1006,1549,1561,2722,4250,4398,2885,1264,103,5,17772,690,959,985,930,1383,2648,3553,3340,2865,413,6
전라남도 신안군 지도읍,4691025000,4183,138,218,278,233,426,741,900,716,473,59,1,2196,79,109,173,138,274,446,506,314,144,12,1,1987,59,109,105,95,152,295,394,402,329,47,0
전라남도 신안군 지도읍선도출장소,4691025100,236,5,6,14,11,16,46,56,40,40,2,0,122,3,2,10,7,10,31,34,14,11,0,0,114,2,4,4,4,6,15,22,26,29,2,0
전라남도 신안군 압해읍,4691025300,5697,194,291,428,415,603,1077,1306,810,504,69,0,3107,102,138,261,265,399,626,729,391,184,12,0,2590,92,153,167,150,204,451,577,419,320,57,0
전라남도 신안군 압해읍매화출장소,4691025400,225,10,3,6,13,20,33,61,54,24,1,0,113,5,0,4,11,15,18,34,21,5,0,0,112,5,3,2,2,5,15,27,33,19,1,0
전라남도 신안군 압해읍고이도출장소,4691025500,220,14,5,6,14,18,35,47,52,25,4,0,125,10,3,4,11,12,23,24,25,11,2,0,95,4,2,2,3,6,12,23,27,14,2,0
전라남도 신안군 증도면,4691031000,1448,34,43,90,77,166,296,273,267,183,18,1,791,13,24,59,52,123,195,148,115,59,3,0,657,21,19,31,25,43,101,125,152,124,15,1
전라남도 신안군 증도면병풍출장소,4691031500,311,11,9,18,17,32,61,72,59,29,3,0,180,4,8,9,16,21,45,35,28,13,1,0,131,7,1,9,1,11,16,37,31,16,2,0
전라남도 신안군 임자면,4691032000,3188,156,234,216,205,397,584,607,502,267,20,0,1690,72,124,133,117,266,355,324,228,69,2,0,1498,84,110,83,88,131,229,283,274,198,18,0
전라남도 신안군 자은면,4691033000,2287,72,92,139,132,216,423,510,400,278,25,0,1216,43,47,83,90,142,245,262,189,108,7,0,1071,29,45,56,42,74,178,248,211,170,18,0
전라남도 신안군 비금면,4691034000,3459,123,194,205,210,385,622,709,606,355,50,0,1835,70,97,106,138,238,400,383,290,106,7,0,1624,53,97,99,72,147,222,326,316,249,43,0
전라남도 신안군 도초면,4691035000,2464,108,200,158,159,267,381,458,392,313,27,1,1264,53,90,96,104,162,226,255,186,83,9,0,1200,55,110,62,55,105,155,203,206,230,18,1
전라남도 신안군 도초면우이도출장소,4691035500,218,9,5,6,14,28,60,47,28,18,3,0,127,7,3,2,5,22,40,27,18,3,0,0,91,2,2,4,9,6,20,20,10,15,3,0
전라남도 신안군 흑산면,4691036000,2187,65,109,172,178,284,434,379,324,198,41,3,1231,34,61,115,112,201,276,225,144,60,2,1,956,31,48,57,66,83,158,154,180,138,39,2
전라남도 신안군 흑산면가거도출장소,4691036500,428,13,20,45,44,75,98,74,34,25,0,0,271,8,12,29,35,53,72,42,13,7,0,0,157,5,8,16,9,22,26,32,21,18,0,0
전라남도 신안군 흑산면태도출장소,4691036600,194,11,16,9,17,21,37,36,25,19,3,0,114,5,10,6,12,17,25,24,11,3,1,0,80,6,6,3,5,4,12,12,14,16,2,0
전라남도 신안군 흑산면홍도출장소,4691036700,447,17,24,43,42,78,101,73,37,31,1,0,252,9,12,20,31,56,63,38,16,6,1,0,195,8,12,23,11,22,38,35,21,25,0,0
전라남도 신안군 흑산면대둔도출장소,4691036800,306,11,18,23,22,40,60,63,43,18,8,0,181,3,9,16,14,30,45,37,23,3,1,0,125,8,9,7,8,10,15,26,20,15,7,0
전라남도 신안군 하의면,4691037000,1699,60,102,103,107,190,306,327,285,195,24,0,910,28,55,64,59,124,198,182,140,56,4,0,789,32,47,39,48,66,108,145,145,139,20,0
전라남도 신안군 신의면,4691038000,1529,63,105,130,121,199,274,285,211,126,13,2,827,28,53,77,70,132,169,161,101,31,4,1,702,35,52,53,51,67,105,124,110,95,9,1
전라남도 신안군 장산면,4691039000,1529,71,68,62,95,152,230,344,282,197,26,2,811,36,29,40,61,101,159,184,133,63,4,1,718,35,39,22,34,51,71,160,149,134,22,1
전라남도 신안군 안좌면,4691040000,2744,110,97,208,174,217,447,589,474,364,63,1,1428,54,55,127,98,143,280,331,213,111,15,1,1316,56,42,81,76,74,167,258,261,253,48,0
전라남도 신안군 안좌면자라출장소,4691040500,281,16,8,20,27,25,44,65,45,28,3,0,152,8,6,13,16,16,24,36,25,6,2,0,129,8,2,7,11,9,20,29,20,22,1,0
전라남도 신안군 팔금면,4691041000,968,19,28,44,54,78,150,222,204,148,21,0,485,9,16,34,33,53,81,123,93,40,3,0,483,10,12,10,21,25,69,99,111,108,18,0
전라남도 신안군 암태면,4691042000,1995,88,70,111,110,172,358,448,335,271,32,0,1043,45,43,68,66,112,208,254,154,82,11,0,952,43,27,43,44,60,150,194,181,189,21,0
경상북도  ,4700000000,2627468,179383,222205,276881,280402,377057,454422,432158,243700,140516,20133,611,1324021,92373,116629,156877,150083,196373,235707,215472,109852,46459,4116,80,1303447,87010,105576,120004,130319,180684,218715,216686,133848,94057,16017,531
경상북도 포항시 ,4711000000,503388,37449,46215,56565,57613,76644,89077,82790,38337,16325,2305,68,255032,19410,24224,32637,30761,38696,44789,40525,18097,5468,415,10,248356,18039,21991,23928,26852,37948,44288,42265,20240,10857,1890,58
경상북도 포항시 남구 ,4711100000,230644,16442,20950,26560,25888,35499,40870,38363,17903,7179,952,38,119349,8494,11004,15850,14141,18468,21295,18945,8584,2405,157,6,111295,7948,9946,10710,11747,17031,19575,19418,9319,4774,795,32
경상북도 포항시 남구 구룡포읍,4711125000,7354,124,241,397,421,708,1325,2003,1300,744,89,2,3714,59,139,246,237,443,769,1015,541,248,17,0,3640,65,102,151,184,265,556,988,759,496,72,2
경상북도 포항시 남구 연일읍,4711125300,30298,2188,3583,3482,2872,5014,5986,4568,1801,720,80,4,15441,1144,1864,2012,1472,2439,3045,2307,918,228,11,1,14857,1044,1719,1470,1400,2575,2941,2261,883,492,69,3
경상북도 포항시 남구 오천읍,4711125600,56081,5374,5887,6856,7922,10478,8744,6822,2654,1189,147,8,29996,2755,3123,4169,4381,5702,4718,3494,1238,383,32,1,26085,2619,2764,2687,3541,4776,4026,3328,1416,806,115,7
경상북도 포항시 남구 대송면,4711131000,3391,60,128,246,233,295,644,970,532,235,46,2,1760,27,65,155,139,181,352,516,258,64,3,0,1631,33,63,91,94,114,292,454,274,171,43,2
경상북도 포항시 남구 동해면,4711132000,9713,498,755,917,923,1203,1794,1890,1129,527,74,3,4894,255,381,518,511,649,926,958,503,175,18,0,4819,243,374,399,412,554,868,932,626,352,56,3
경상북도 포항시 남구 장기면,4711133000,4050,62,119,179,183,289,683,1016,801,617,97,4,1969,36,50,112,105,179,393,505,368,203,18,0,2081,26,69,67,78,110,290,511,433,414,79,4
경상북도 포항시 남구 호미곶면,4711135000,1863,29,65,99,76,180,315,455,377,230,37,0,923,15,40,64,48,124,180,239,149,63,1,0,940,14,25,35,28,56,135,216,228,167,36,0
경상북도 포항시 남구 상대동,4711152500,24622,1063,1449,3208,2871,3254,4365,5162,2528,640,80,2,12779,565,758,1855,1696,1807,2204,2353,1272,255,14,0,11843,498,691,1353,1175,1447,2161,2809,1256,385,66,2
경상북도 포항시 남구 해도동,4711154500,17159,560,757,1635,1554,2128,3303,4203,2286,667,62,4,8821,293,390,987,938,1228,1691,1912,1113,260,9,0,8338,267,367,648,616,900,1612,2291,1173,407,53,4
경상북도 포항시 남구 송도동,4711155000,12217,387,658,983,955,1382,2183,3190,1756,634,87,2,6105,215,347,545,560,751,1154,1463,822,229,18,1,6112,172,311,438,395,631,1029,1727,934,405,69,1
경상북도 포항시 남구 청림동,4711156000,4768,209,257,667,481,527,802,985,599,211,28,2,2584,104,131,448,283,328,432,487,283,83,3,2,2184,105,126,219,198,199,370,498,316,128,25,0
경상북도 포항시 남구 제철동,4711157000,2994,134,181,751,365,332,501,433,207,83,7,0,1815,79,93,592,246,180,266,222,104,32,1,0,1179,55,88,159,119,152,235,211,103,51,6,0
경상북도 포항시 남구 효곡동,4711158000,30604,3605,3964,3543,3684,5382,5187,3909,990,276,61,3,15584,1835,2115,2101,1729,2504,2604,2038,567,84,6,1,15020,1770,1849,1442,1955,2878,2583,1871,423,192,55,2
경상북도 포항시 남구 대이동,4711159000,25530,2149,2906,3597,3348,4327,5038,2757,943,406,57,2,12964,1112,1508,2046,1796,1953,2561,1436,448,98,6,0,12566,1037,1398,1551,1552,2374,2477,1321,495,308,51,2
경상북도 포항시 북구 ,4711300000,272744,21007,25265,30005,31725,41145,48207,44427,20434,9146,1353,30,135683,10916,13220,16787,16620,20228,23494,21580,9513,3063,258,4,137061,10091,12045,13218,15105,20917,24713,22847,10921,6083,1095,26
경상북도 포항시 북구 흥해읍,4711325000,40897,3707,3637,4146,4884,6218,7121,6331,3006,1601,244,2,20509,1958,1888,2401,2520,3137,3529,3183,1360,492,40,1,20388,1749,1749,1745,2364,3081,3592,3148,1646,1109,204,1
경상북도 포항시 북구 신광면,4711331000,2916,65,82,169,124,219,460,812,516,401,67,1,1451,34,50,107,72,135,236,438,237,136,6,0,1465,31,32,62,52,84,224,374,279,265,61,1
경상북도 포항시 북구 청하면,4711332000,4772,95,203,288,245,433,897,1165,828,529,87,2,2346,48,114,176,142,256,500,572,356,165,17,0,2426,47,89,112,103,177,397,593,472,364,70,2
경상북도 포항시 북구 송라면,4711333000,2475,37,81,148,96,193,439,631,480,313,57,0,1195,15,35,85,64,122,239,314,218,95,8,0,1280,22,46,63,32,71,200,317,262,218,49,0
경상북도 포항시 북구 기계면,4711334000,4967,78,180,292,219,353,884,1305,929,626,101,0,2409,38,82,172,142,211,469,659,421,191,24,0,2558,40,98,120,77,142,415,646,508,435,77,0
경상북도 포항시 북구 죽장면,4711335000,2122,36,54,58,61,118,396,628,407,322,41,1,1058,17,34,42,36,73,229,318,191,109,9,0,1064,19,20,16,25,45,167,310,216,213,32,1
경상북도 포항시 북구 죽장면상옥출장소,4711335500,609,4,18,27,14,35,115,210,111,63,11,1,303,1,8,11,14,20,65,97,60,23,4,0,306,3,10,16,0,15,50,113,51,40,7,1
경상북도 포항시 북구 기북면,4711336000,1304,15,38,52,55,94,208,376,254,180,29,3,640,6,25,30,35,52,120,197,114,53,8,0,664,9,13,22,20,42,88,179,140,127,21,3
경상북도 포항시 북구 중앙동,4711352000,15450,541,784,1583,1699,1922,2639,3330,2006,833,111,2,7596,260,399,861,958,1017,1342,1551,878,310,19,1,7854,281,385,722,741,905,1297,1779,1128,523,92,1
경상북도 포항시 북구 양학동,4711363000,16799,1122,1772,2009,1810,2555,3333,2727,1057,358,55,1,8344,566,952,1170,960,1155,1574,1337,494,126,10,0,8455,556,820,839,850,1400,1759,1390,563,232,45,1
경상북도 포항시 북구 죽도동,4711365500,19909,728,918,2349,2365,2508,3410,4276,2406,828,117,4,9826,379,460,1259,1390,1346,1658,1857,1125,326,25,1,10083,349,458,1090,975,1162,1752,2419,1281,502,92,3
경상북도 포항시 북구 용흥동,4711366500,21921,1300,1910,2333,2096,3192,4034,4258,1960,743,93,2,10712,685,1021,1310,1076,1526,1905,1943,934,287,25,0,11209,615,889,1023,1020,1666,2129,2315,1026,456,68,2
경상북도 포항시 북구 우창동,4711368000,33446,3213,3191,3745,4681,5089,6020,4889,1782,724,108,4,16358,1704,1665,2036,2394,2403,2776,2380,788,195,17,0,17088,1509,1526,1709,2287,2686,3244,2509,994,529,91,4
경상북도 포항시 북구 두호동,4711369000,23037,1589,2332,2817,2476,3281,4586,3863,1488,534,70,1,11398,821,1214,1571,1322,1527,2117,1878,725,204,18,1,11639,768,1118,1246,1154,1754,2469,1985,763,330,52,0
경상북도 포항시 북구 장량동,4711370000,72607,7642,8925,9082,9770,13276,12203,8149,2528,886,140,6,36845,3957,4696,5064,4933,6428,6024,4161,1289,269,24,0,35762,3685,4229,4018,4837,6848,6179,3988,1239,617,116,6
경상북도 포항시 북구 환여동,4711371000,9513,835,1140,907,1130,1659,1462,1477,676,205,22,0,4693,427,577,492,562,820,711,695,323,82,4,0,4820,408,563,415,568,839,751,782,353,123,18,0
경상북도 경주시 ,4713000000,252162,15427,20235,25815,24651,35810,46585,43242,25009,13469,1866,53,126155,7888,10546,14569,13182,18630,24075,21429,11186,4283,362,5,126007,7539,9689,11246,11469,17180,22510,21813,13823,9186,1504,48
경상북도 경주시 감포읍,4713025000,5377,136,220,328,323,578,981,1259,936,531,81,4,2689,74,115,203,182,365,566,619,375,171,18,1,2688,62,105,125,141,213,415,640,561,360,63,3
경상북도 경주시 안강읍,4713025300,24150,1007,1946,2147,1655,3143,4860,4562,2933,1694,196,7,11914,527,990,1203,903,1629,2520,2255,1306,541,39,1,12236,480,956,944,752,1514,2340,2307,1627,1153,157,6
경상북도 경주시 건천읍,4713025600,9260,304,491,674,640,966,1616,2107,1476,875,110,1,4704,158,277,413,390,565,870,1054,668,283,25,1,4556,146,214,261,250,401,746,1053,808,592,85,0
경상북도 경주시 외동읍,4713025900,22138,1349,1190,2107,2682,2981,4424,4057,2047,1116,181,4,11679,695,642,1205,1564,1754,2387,2125,971,306,30,0,10459,654,548,902,1118,1227,2037,1932,1076,810,151,4
경상북도 경주시 문무대왕면,4713031500,4207,198,176,435,442,347,668,855,596,421,65,4,2199,113,110,282,247,219,393,441,268,116,9,1,2008,85,66,153,195,128,275,414,328,305,56,3
경상북도 경주시 양남면,4713032000,6262,258,317,562,486,686,1305,1415,736,416,78,3,3330,126,164,375,291,405,754,715,349,134,17,0,2932,132,153,187,195,281,551,700,387,282,61,3
경상북도 경주시 내남면,4713033000,4705,96,197,270,240,400,858,1156,823,579,85,1,2367,52,98,169,146,230,473,617,389,174,19,0,2338,44,99,101,94,170,385,539,434,405,66,1
경상북도 경주시 산내면,4713034000,3232,44,82,131,112,188,554,1032,646,395,48,0,1601,27,42,79,55,109,298,539,308,133,11,0,1631,17,40,52,57,79,256,493,338,262,37,0
경상북도 경주시 서면,4713035000,3118,55,121,160,136,274,523,765,657,382,44,1,1552,22,83,93,75,162,310,379,282,138,8,0,1566,33,38,67,61,112,213,386,375,244,36,1
경상북도 경주시 현곡면,4713036000,21721,2308,2383,2248,2828,3769,3674,2582,1207,638,83,1,10685,1208,1192,1215,1386,1832,1844,1244,558,200,6,0,11036,1100,1191,1033,1442,1937,1830,1338,649,438,77,1
경상북도 경주시 강동면,4713037000,6087,171,298,461,324,675,1207,1385,909,573,82,2,3093,82,147,272,190,393,672,723,416,177,21,0,2994,89,151,189,134,282,535,662,493,396,61,2
경상북도 경주시 천북면,4713038000,5663,258,304,497,550,672,1056,1151,719,403,52,1,2959,128,149,284,315,388,591,610,346,133,15,0,2704,130,155,213,235,284,465,541,373,270,37,1
경상북도 경주시 중부동,4713051500,5125,177,290,518,463,618,847,1066,766,344,36,0,2539,86,162,285,269,339,427,501,338,126,6,0,2586,91,128,233,194,279,420,565,428,218,30,0
경상북도 경주시 황오동,4713053000,6323,157,304,578,520,704,1130,1431,983,453,61,2,3056,73,163,322,302,393,577,658,400,152,16,0,3267,84,141,256,218,311,553,773,583,301,45,2
경상북도 경주시 성건동,4713055000,13674,391,774,1968,1209,1717,2298,2682,1845,697,91,2,6795,218,407,1142,712,928,1158,1162,797,256,15,0,6879,173,367,826,497,789,1140,1520,1048,441,76,2
경상북도 경주시 황남동,4713057000,4511,78,183,326,255,473,783,1043,787,520,61,2,2230,40,91,195,154,259,443,528,337,169,14,0,2281,38,92,131,101,214,340,515,450,351,47,2
경상북도 경주시 선도동,4713059000,14713,1090,1597,1883,1401,2463,2823,1885,999,503,68,1,7381,561,855,1053,746,1192,1426,932,430,176,10,0,7332,529,742,830,655,1271,1397,953,569,327,58,1
경상북도 경주시 월성동,4713060500,5809,346,345,451,472,750,1000,1159,788,429,65,4,2857,172,185,259,228,406,528,569,353,143,14,0,2952,174,160,192,244,344,472,590,435,286,51,4
경상북도 경주시 용강동,4713061500,24090,2855,2659,2578,3392,4413,4063,2555,1001,490,80,4,11874,1440,1350,1428,1657,2188,1950,1279,430,136,16,0,12216,1415,1309,1150,1735,2225,2113,1276,571,354,64,4
경상북도 경주시 황성동,4713062100,28384,2385,3524,3681,3140,4986,5452,3260,1254,601,100,1,13931,1204,1862,1992,1523,2316,2663,1632,545,179,15,0,14453,1181,1662,1689,1617,2670,2789,1628,709,422,85,1
경상북도 경주시 동천동,4713063000,22180,1098,2167,2872,2177,3466,4450,3580,1591,682,93,4,11085,551,1129,1601,1213,1720,2168,1741,723,215,23,1,11095,547,1038,1271,964,1746,2282,1839,868,467,70,3
경상북도 경주시 불국동,4713065000,9718,616,589,778,1093,1342,1695,1851,1059,603,89,3,4783,308,296,411,568,729,885,902,482,188,14,0,4935,308,293,367,525,613,810,949,577,415,75,3
경상북도 경주시 보덕동,4713066000,1715,50,78,162,111,199,318,404,251,124,17,1,852,23,37,88,66,109,172,204,115,37,1,0,863,27,41,74,45,90,146,200,136,87,16,1
경상북도 김천시 ,4715000000,140120,9993,12240,14174,14511,19188,23528,23352,13429,8412,1254,39,70260,5163,6642,7932,7608,10109,12277,11556,5918,2774,277,4,69860,4830,5598,6242,6903,9079,11251,11796,7511,5638,977,35
경상북도 김천시 아포읍,4715025000,7509,374,448,580,583,879,1531,1576,885,556,95,2,3772,190,236,318,309,495,802,828,392,180,21,1,3737,184,212,262,274,384,729,748,493,376,74,1
경상북도 김천시 농소면,4715031000,3060,116,134,264,210,315,558,670,440,307,45,1,1607,54,78,152,124,204,330,341,191,118,15,0,1453,62,56,112,86,111,228,329,249,189,30,1
경상북도 김천시 남면,4715032000,3095,70,131,203,199,272,587,735,467,367,61,3,1589,39,71,127,112,168,337,396,214,115,10,0,1506,31,60,76,87,104,250,339,253,252,51,3
경상북도 김천시 개령면,4715034000,2404,51,91,169,140,188,453,622,385,257,47,1,1226,31,48,109,83,126,244,320,178,75,12,0,1178,20,43,60,57,62,209,302,207,182,35,1
경상북도 김천시 감문면,4715035000,3251,66,97,158,150,234,568,860,557,475,86,0,1609,41,49,108,81,144,312,468,237,151,18,0,1642,25,48,50,69,90,256,392,320,324,68,0
경상북도 김천시 어모면,4715036000,4002,147,163,286,200,403,726,956,648,400,72,1,2042,83,105,178,113,228,392,503,298,129,13,0,1960,64,58,108,87,175,334,453,350,271,59,1
경상북도 김천시 봉산면,4715037000,3070,86,128,226,180,265,560,808,496,276,45,0,1584,42,79,125,113,169,302,421,231,87,15,0,1486,44,49,101,67,96,258,387,265,189,30,0
경상북도 김천시 대항면,4715038000,3409,89,174,269,198,302,674,851,464,324,61,3,1732,48,91,166,110,176,359,457,208,109,8,0,1677,41,83,103,88,126,315,394,256,215,53,3
경상북도 김천시 감천면,4715039000,1934,56,74,134,106,182,372,449,283,237,41,0,995,39,44,76,69,117,199,233,131,79,8,0,939,17,30,58,37,65,173,216,152,158,33,0
경상북도 김천시 조마면,4715040000,2195,49,83,126,115,180,397,577,346,281,39,2,1102,26,44,72,67,110,219,304,166,84,10,0,1093,23,39,54,48,70,178,273,180,197,29,2
경상북도 김천시 구성면,4715041000,2756,53,76,144,108,183,516,702,517,381,74,2,1367,27,49,77,65,115,291,377,233,116,16,1,1389,26,27,67,43,68,225,325,284,265,58,1
경상북도 김천시 지례면,4715042000,1518,35,54,77,62,92,254,386,285,238,32,3,764,17,35,49,41,57,155,213,111,75,9,2,754,18,19,28,21,35,99,173,174,163,23,1
경상북도 김천시 부항면,4715043000,1242,21,36,52,52,94,205,341,215,194,29,3,620,14,18,27,30,62,119,200,85,57,8,0,622,7,18,25,22,32,86,141,130,137,21,3
경상북도 김천시 대덕면,4715044000,2274,45,309,108,103,138,346,516,354,311,42,2,1138,30,162,72,58,81,188,269,165,104,9,0,1136,15,147,36,45,57,158,247,189,207,33,2
경상북도 김천시 증산면,4715045000,1037,8,31,44,22,90,209,301,160,154,18,0,499,5,18,27,9,48,124,158,64,43,3,0,538,3,13,17,13,42,85,143,96,111,15,0
경상북도 김천시 자산동,4715051600,6558,183,341,617,530,788,1036,1532,985,489,56,1,3330,100,165,373,324,468,574,684,449,178,15,0,3228,83,176,244,206,320,462,848,536,311,41,1
경상북도 김천시 평화남산동,4715053600,7525,206,405,787,652,856,1287,1627,1046,586,70,3,3666,102,230,457,387,475,655,706,418,223,13,0,3859,104,175,330,265,381,632,921,628,363,57,3
경상북도 김천시 양금동,4715056500,3845,113,220,279,246,373,646,885,661,375,45,2,1868,63,119,148,134,206,349,407,284,144,14,0,1977,50,101,131,112,167,297,478,377,231,31,2
경상북도 김천시 대신동,4715057500,25359,1974,3144,3731,2807,4030,4320,2988,1423,843,92,7,12569,1013,1605,2051,1437,1959,2147,1482,592,261,22,0,12790,961,1539,1680,1370,2071,2173,1506,831,582,70,7
경상북도 김천시 대곡동,4715059500,20181,1316,2281,2200,1949,2892,3692,3223,1638,864,124,2,10098,667,1400,1289,992,1420,1770,1489,738,308,25,0,10083,649,881,911,957,1472,1922,1734,900,556,99,2
경상북도 김천시 지좌동,4715061000,10999,845,1067,1420,1291,1785,1899,1548,763,334,47,0,5593,433,588,787,721,921,969,725,343,98,8,0,5406,412,479,633,570,864,930,823,420,236,39,0
경상북도 김천시 율곡동,4715064000,22897,4090,2753,2300,4608,4647,2692,1199,411,163,33,1,11490,2099,1408,1144,2229,2360,1440,575,190,40,5,0,11407,1991,1345,1156,2379,2287,1252,624,221,123,28,1
경상북도 안동시 ,4717000000,157177,10060,13347,16363,15086,21582,25713,26820,16653,10011,1497,45,77742,5232,6988,8918,7904,11120,13258,13052,7479,3474,307,10,79435,4828,6359,7445,7182,10462,12455,13768,9174,6537,1190,35
경상북도 안동시 풍산읍,4717025000,6372,184,274,437,370,549,1048,1477,1114,786,129,4,3228,95,157,254,208,343,580,755,539,264,32,1,3144,89,117,183,162,206,468,722,575,522,97,3
경상북도 안동시 와룡면,4717031000,3971,79,190,260,179,304,639,963,716,557,80,4,2040,42,116,141,107,184,372,517,335,204,21,1,1931,37,74,119,72,120,267,446,381,353,59,3
경상북도 안동시 북후면,4717032000,2947,54,82,129,145,295,510,702,523,444,62,1,1539,31,49,86,96,195,298,369,245,161,9,0,1408,23,33,43,49,100,212,333,278,283,53,1
경상북도 안동시 서후면,4717033000,3484,70,123,270,209,321,577,895,539,395,85,0,1848,36,72,161,137,199,349,471,260,146,17,0,1636,34,51,109,72,122,228,424,279,249,68,0
경상북도 안동시 풍천면,4717034000,7007,473,372,969,1123,792,934,1033,745,478,81,7,3583,245,188,502,615,455,523,521,341,167,22,4,3424,228,184,467,508,337,411,512,404,311,59,3
경상북도 안동시 일직면,4717035000,2663,39,116,126,110,224,416,625,555,397,54,1,1288,20,69,74,63,135,239,301,251,127,9,0,1375,19,47,52,47,89,177,324,304,270,45,1
경상북도 안동시 남후면,4717036000,1725,21,58,73,67,144,269,413,351,285,44,0,860,11,34,41,46,94,148,221,154,109,2,0,865,10,24,32,21,50,121,192,197,176,42,0
경상북도 안동시 남선면,4717037000,2085,49,83,141,119,168,420,519,317,227,42,0,1073,26,38,95,69,110,232,260,159,75,9,0,1012,23,45,46,50,58,188,259,158,152,33,0
경상북도 안동시 임하면,4717038000,2795,53,108,155,137,243,488,741,478,329,62,1,1458,27,55,96,76,166,289,407,221,106,15,0,1337,26,53,59,61,77,199,334,257,223,47,1
경상북도 안동시 길안면,4717039000,2707,42,78,107,110,160,506,735,532,389,48,0,1366,16,40,62,63,119,291,408,220,139,8,0,1341,26,38,45,47,41,215,327,312,250,40,0
경상북도 안동시 임동면,4717040000,1720,32,49,67,53,134,275,502,335,247,25,1,891,21,24,39,31,85,171,281,148,83,8,0,829,11,25,28,22,49,104,221,187,164,17,1
경상북도 안동시 예안면,4717041000,1825,47,46,79,73,105,332,508,349,258,27,1,951,27,31,57,41,62,179,276,171,100,7,0,874,20,15,22,32,43,153,232,178,158,20,1
경상북도 안동시 도산면,4717042000,1592,21,43,63,66,111,262,433,340,217,36,0,835,11,24,38,44,75,158,226,169,78,12,0,757,10,19,25,22,36,104,207,171,139,24,0
경상북도 안동시 녹전면,4717043000,1717,27,61,58,67,117,270,497,328,256,36,0,891,16,30,32,46,79,155,279,156,88,10,0,826,11,31,26,21,38,115,218,172,168,26,0
경상북도 안동시 중구동,4717051000,5068,211,330,613,475,613,785,913,712,352,63,1,2462,117,173,332,232,337,409,404,308,139,10,1,2606,94,157,281,243,276,376,509,404,213,53,0
경상북도 안동시 명륜동,4717052000,4943,265,411,507,397,680,905,889,558,295,36,0,2371,141,197,263,206,352,459,414,240,89,10,0,2572,124,214,244,191,328,446,475,318,206,26,0
경상북도 안동시 용상동,4717055500,22050,1814,2275,2979,2511,3457,3449,2944,1629,869,121,2,10951,935,1201,1683,1280,1722,1750,1373,699,288,19,1,11099,879,1074,1296,1231,1735,1699,1571,930,581,102,1
경상북도 안동시 서구동,4717058500,8991,603,895,828,741,1355,1399,1540,1015,538,73,4,4327,332,450,446,361,673,715,686,448,196,20,0,4664,271,445,382,380,682,684,854,567,342,53,4
경상북도 안동시 태화동,4717060000,13060,878,927,1359,1446,1834,2164,2263,1433,666,86,4,6499,434,500,756,775,980,1080,1053,643,264,13,1,6561,444,427,603,671,854,1084,1210,790,402,73,3
경상북도 안동시 평화동,4717062000,6289,353,513,642,564,882,1023,1167,733,356,54,2,3050,176,275,356,309,448,489,504,342,140,11,0,3239,177,238,286,255,434,534,663,391,216,43,2
경상북도 안동시 안기동,4717063000,6184,308,543,675,550,820,1139,1201,649,259,39,1,3051,165,280,358,308,403,551,563,311,101,11,0,3133,143,263,317,242,417,588,638,338,158,28,1
경상북도 안동시 옥동,4717065000,21322,1883,2580,2568,2353,3695,3485,2723,1276,665,89,5,10129,965,1326,1347,1161,1747,1644,1239,501,187,11,1,11193,918,1254,1221,1192,1948,1841,1484,775,478,78,4
경상북도 안동시 송하동,4717066000,16149,1488,1696,1968,2065,2558,2744,2140,907,491,88,4,7865,794,875,1045,1059,1224,1302,1036,375,142,13,0,8284,694,821,923,1006,1334,1442,1104,532,349,75,4
경상북도 안동시 강남동,4717069000,10511,1066,1494,1290,1156,2021,1674,997,519,255,37,2,5186,549,784,654,571,933,875,488,243,81,8,0,5325,517,710,636,585,1088,799,509,276,174,29,2
경상북도 구미시 ,4719000000,413164,38906,44214,54775,63286,72688,70037,43162,16406,8411,1244,35,212262,19991,23002,30712,33825,36703,35687,22154,7318,2630,237,3,200902,18915,21212,24063,29461,35985,34350,21008,9088,5781,1007,32
경상북도 구미시 선산읍,4719025000,14657,824,1114,1331,1202,1881,2876,2829,1476,943,175,6,7238,424,549,811,628,967,1437,1442,662,295,23,0,7419,400,565,520,574,914,1439,1387,814,648,152,6
경상북도 구미시 고아읍,4719025300,38176,3555,3899,4527,4834,5834,7934,4775,1658,992,164,4,19295,1850,2084,2578,2460,2803,3901,2570,727,289,32,1,18881,1705,1815,1949,2374,3031,4033,2205,931,703,132,3
경상북도 구미시 산동읍,4719025600,26836,5580,2506,2338,7645,4812,2120,1109,394,282,49,1,13996,2811,1302,1151,3992,2704,1155,613,180,75,13,0,12840,2769,1204,1187,3653,2108,965,496,214,207,36,1
경상북도 구미시 무을면,4719031000,1835,42,56,89,70,123,352,499,306,250,48,0,914,20,28,56,41,77,209,263,133,74,13,0,921,22,28,33,29,46,143,236,173,176,35,0
경상북도 구미시 옥성면,4719032000,1682,10,50,96,64,129,320,443,273,256,40,1,865,5,23,63,42,88,181,239,136,81,7,0,817,5,27,33,22,41,139,204,137,175,33,1
경상북도 구미시 도개면,4719033000,2174,33,101,128,97,178,391,523,366,312,45,0,1113,18,59,83,63,111,238,267,163,99,12,0,1061,15,42,45,34,67,153,256,203,213,33,0
경상북도 구미시 해평면,4719034000,4004,53,139,276,207,379,788,928,666,494,71,3,2092,27,68,167,138,241,467,512,278,174,20,0,1912,26,71,109,69,138,321,416,388,320,51,3
경상북도 구미시 장천면,4719036000,3045,61,186,224,158,331,583,677,464,318,41,2,1553,42,90,134,89,184,323,358,220,106,7,0,1492,19,96,90,69,147,260,319,244,212,34,2
경상북도 구미시 송정동,4719051000,24136,1726,2390,3249,3312,3851,4394,3508,1222,446,38,0,11886,865,1202,1736,1782,1840,2059,1665,579,152,6,0,12250,861,1188,1513,1530,2011,2335,1843,643,294,32,0
경상북도 구미시 원평동,4719053500,6309,121,196,709,715,951,1323,1331,657,261,44,1,3431,58,105,416,425,548,777,713,288,92,9,0,2878,63,91,293,290,403,546,618,369,169,35,1
경상북도 구미시 도량동,4719055100,29193,2217,3319,3636,3301,4807,5963,3988,1289,600,73,0,14255,1169,1624,2064,1688,2220,2764,1953,562,195,16,0,14938,1048,1695,1572,1613,2587,3199,2035,727,405,57,0
경상북도 구미시 지산동,4719055500,2161,68,107,212,143,266,450,545,240,114,14,2,1119,33,53,131,93,147,232,280,115,34,1,0,1042,35,54,81,50,119,218,265,125,80,13,2
경상북도 구미시 선주원남동,4719056500,38998,3588,4988,5091,4835,7318,7138,4178,1236,549,76,1,19790,1825,2630,2799,2439,3573,3566,2194,573,180,11,0,19208,1763,2358,2292,2396,3745,3572,1984,663,369,65,1
경상북도 구미시 형곡1동,4719058200,14180,959,1534,1856,1545,2289,2963,1988,741,277,27,1,7015,496,832,1044,788,1015,1405,978,365,88,4,0,7165,463,702,812,757,1274,1558,1010,376,189,23,1
경상북도 구미시 형곡2동,4719058300,16609,792,1831,2597,1631,2560,3788,2416,711,250,31,2,8326,414,1009,1488,878,1125,1788,1218,326,73,7,0,8283,378,822,1109,753,1435,2000,1198,385,177,24,2
경상북도 구미시 신평1동,4719059000,3263,134,167,579,517,441,595,495,247,77,11,0,1831,68,84,377,332,255,325,253,104,32,1,0,1432,66,83,202,185,186,270,242,143,45,10,0
경상북도 구미시 신평2동,4719060000,3112,270,211,377,530,419,605,414,181,93,9,3,1691,140,124,212,319,238,329,217,79,31,2,0,1421,130,87,165,211,181,276,197,102,62,7,3
경상북도 구미시 비산동,4719061000,13141,1638,1098,1761,2759,2174,2199,1086,294,115,17,0,6888,839,547,979,1537,1135,1098,566,150,34,3,0,6253,799,551,782,1222,1039,1101,520,144,81,14,0
경상북도 구미시 광평동,4719063000,4269,284,351,611,641,742,812,508,226,83,10,1,2294,153,177,349,407,398,407,259,112,30,2,0,1975,131,174,262,234,344,405,249,114,53,8,1
경상북도 구미시 상모사곡동,4719064500,30994,2704,3659,4706,4319,5984,6085,2387,742,350,56,2,16139,1339,1881,2692,2382,2897,3238,1268,330,100,10,2,14855,1365,1778,2014,1937,3087,2847,1119,412,250,46,0
경상북도 구미시 임오동,4719066000,18802,2025,2487,2369,2868,3868,3215,1324,419,192,34,1,9831,1040,1334,1361,1478,1928,1732,725,169,59,5,0,8971,985,1153,1008,1390,1940,1483,599,250,133,29,1
경상북도 구미시 인동동,4719067000,48098,4409,5877,7125,8218,9518,7128,3766,1361,608,87,1,24926,2341,3081,3911,4416,4850,3708,1864,560,178,17,0,23172,2068,2796,3214,3802,4668,3420,1902,801,430,70,1
경상북도 구미시 진미동,4719068000,16617,856,1051,4299,4396,2775,1823,939,327,125,25,1,9072,432,547,2247,2616,1576,1006,463,147,34,4,0,7545,424,504,2052,1780,1199,817,476,180,91,21,1
경상북도 구미시 양포동,4719069000,46451,6371,6669,5901,8233,10314,5569,2117,821,401,53,2,24248,3264,3457,3436,4204,5344,3021,1068,324,118,12,0,22203,3107,3212,2465,4029,4970,2548,1049,497,283,41,2
경상북도 구미시 공단동,4719070000,4422,586,228,688,1046,744,623,389,89,23,6,0,2454,318,112,427,588,439,321,206,36,7,0,0,1968,268,116,261,458,305,302,183,53,16,6,0
경상북도 영주시 ,4721000000,101895,5755,8601,9502,8090,13409,17350,19173,11783,7081,1093,58,50546,3006,4487,5521,4349,6889,8959,9246,5328,2515,237,9,51349,2749,4114,3981,3741,6520,8391,9927,6455,4566,856,49
경상북도 영주시 풍기읍,4721025000,10524,432,714,919,696,1167,1771,2385,1431,847,149,13,5234,225,380,567,373,634,901,1181,644,296,30,3,5290,207,334,352,323,533,870,1204,787,551,119,10
경상북도 영주시 이산면,4721031000,2302,53,85,167,113,174,447,589,345,290,39,0,1187,24,44,106,59,101,261,312,168,105,7,0,1115,29,41,61,54,73,186,277,177,185,32,0
경상북도 영주시 평은면,4721032000,1416,22,49,77,42,92,250,350,275,218,39,2,719,16,21,55,25,62,135,186,131,77,11,0,697,6,28,22,17,30,115,164,144,141,28,2
경상북도 영주시 문수면,4721033000,1935,50,87,130,104,161,313,476,313,238,62,1,994,28,48,78,66,99,171,266,142,84,12,0,941,22,39,52,38,62,142,210,171,154,50,1
경상북도 영주시 장수면,4721034000,2168,52,102,158,104,167,350,533,365,276,56,5,1095,27,50,100,63,99,190,281,169,105,11,0,1073,25,52,58,41,68,160,252,196,171,45,5
경상북도 영주시 안정면,4721035000,2972,78,124,176,139,242,481,760,517,380,72,3,1493,42,66,111,88,151,256,388,250,124,17,0,1479,36,58,65,51,91,225,372,267,256,55,3
경상북도 영주시 봉현면,4721036000,2704,69,125,155,117,256,456,757,453,272,38,6,1377,33,64,100,65,158,231,392,227,93,12,2,1327,36,61,55,52,98,225,365,226,179,26,4
경상북도 영주시 순흥면,4721037000,1990,30,67,116,79,133,348,593,340,239,42,3,997,16,37,74,47,77,177,311,157,93,7,1,993,14,30,42,32,56,171,282,183,146,35,2
경상북도 영주시 단산면,4721038000,1834,23,56,95,76,133,315,483,324,282,46,1,909,11,33,66,46,84,164,266,144,87,7,1,925,12,23,29,30,49,151,217,180,195,39,0
경상북도 영주시 부석면,4721039000,3006,49,109,131,121,190,513,882,555,387,68,1,1501,29,57,77,70,128,281,444,265,134,16,0,1505,20,52,54,51,62,232,438,290,253,52,1
경상북도 영주시 상망동,4721051000,7550,430,875,720,535,1178,1367,1176,777,419,69,4,3761,232,459,429,283,569,731,551,342,161,4,0,3789,198,416,291,252,609,636,625,435,258,65,4
경상북도 영주시 하망동,4721052500,6044,334,571,563,433,835,1093,1065,712,393,40,5,2878,171,286,317,228,411,561,477,285,131,10,1,3166,163,285,246,205,424,532,588,427,262,30,4
경상북도 영주시 영주1동,4721055000,3962,148,273,309,263,448,653,871,610,340,42,5,1941,87,134,184,142,235,362,395,258,127,17,0,2021,61,139,125,121,213,291,476,352,213,25,5
경상북도 영주시 영주2동,4721056000,4962,205,335,364,330,552,840,1107,770,409,48,2,2391,121,181,207,167,284,429,491,334,165,12,0,2571,84,154,157,163,268,411,616,436,244,36,2
경상북도 영주시 휴천1동,4721059000,6537,442,832,706,482,1074,1214,892,559,301,34,1,3239,219,437,428,252,499,621,414,255,103,11,0,3298,223,395,278,230,575,593,478,304,198,23,1
경상북도 영주시 휴천2동,4721060000,9882,468,684,1129,777,1198,1768,1907,1240,627,82,2,4882,226,362,637,452,624,865,866,572,258,20,0,5000,242,322,492,325,574,903,1041,668,369,62,2
경상북도 영주시 휴천3동,4721061000,7703,403,661,868,585,973,1513,1461,788,392,58,1,3817,212,352,523,310,472,742,670,381,139,16,0,3886,191,309,345,275,501,771,791,407,253,42,1
경상북도 영주시 가흥1동,4721062000,15496,1822,1953,1723,2147,3036,2166,1538,701,364,46,0,7808,949,1006,936,1112,1528,1138,727,292,111,9,0,7688,873,947,787,1035,1508,1028,811,409,253,37,0
경상북도 영주시 가흥2동,4721063000,8908,645,899,996,947,1400,1492,1348,708,407,63,3,4323,338,470,526,501,674,743,628,312,122,8,1,4585,307,429,470,446,726,749,720,396,285,55,2
경상북도 영천시 ,4723000000,101703,5569,6542,9647,9115,12260,18075,19611,12729,7252,882,21,51660,2835,3493,5690,4921,6742,9697,9902,5800,2372,202,6,50043,2734,3049,3957,4194,5518,8378,9709,6929,4880,680,15
경상북도 영천시 금호읍,4723025000,10685,366,451,872,718,1139,2191,2378,1584,887,97,2,5590,196,263,496,406,664,1257,1244,739,300,24,1,5095,170,188,376,312,475,934,1134,845,587,73,1
경상북도 영천시 청통면,4723031000,4032,105,130,269,256,340,703,1060,721,398,49,1,2098,60,71,161,154,220,385,555,353,129,10,0,1934,45,59,108,102,120,318,505,368,269,39,1
경상북도 영천시 신녕면,4723032000,3779,97,192,190,208,324,618,969,691,433,56,1,1860,54,98,113,122,187,362,464,303,149,7,1,1919,43,94,77,86,137,256,505,388,284,49,0
경상북도 영천시 화산면,4723033000,3179,64,88,176,151,260,571,793,611,414,50,1,1674,37,51,128,90,162,339,441,282,129,15,0,1505,27,37,48,61,98,232,352,329,285,35,1
경상북도 영천시 화북면,4723034000,2180,50,86,110,78,158,390,583,393,282,48,2,1080,27,46,63,43,97,213,313,182,90,5,1,1100,23,40,47,35,61,177,270,211,192,43,1
경상북도 영천시 화남면,4723035000,3192,79,125,172,162,215,590,850,601,347,50,1,1680,35,96,117,93,140,337,443,295,111,13,0,1512,44,29,55,69,75,253,407,306,236,37,1
경상북도 영천시 자양면,4723036000,1204,15,32,76,43,58,252,324,214,166,24,0,599,8,17,43,24,36,130,184,95,53,9,0,605,7,15,33,19,22,122,140,119,113,15,0
경상북도 영천시 임고면,4723037000,4188,110,142,251,203,337,703,1008,864,509,59,2,2130,63,79,152,110,209,396,515,397,189,20,0,2058,47,63,99,93,128,307,493,467,320,39,2
경상북도 영천시 고경면,4723038000,5625,245,215,686,415,502,840,1183,922,555,60,2,3025,124,111,528,241,308,455,625,434,185,14,0,2600,121,104,158,174,194,385,558,488,370,46,2
경상북도 영천시 북안면,4723039000,4402,73,127,250,209,375,760,1139,854,543,69,3,2289,34,67,149,129,229,443,611,432,180,14,1,2113,39,60,101,80,146,317,528,422,363,55,2
경상북도 영천시 대창면,4723040000,3078,82,80,202,196,252,537,856,515,315,42,1,1617,38,39,109,120,169,326,455,238,111,11,1,1461,44,41,93,76,83,211,401,277,204,31,0
경상북도 영천시 동부동,4723051000,28246,2288,2700,3326,3330,4445,5079,4044,1938,981,112,3,13917,1150,1424,1892,1725,2215,2536,1869,816,270,20,0,14329,1138,1276,1434,1605,2230,2543,2175,1122,711,92,3
경상북도 영천시 중앙동,4723052000,9701,746,939,1211,1070,1427,1669,1361,823,411,44,0,4875,395,478,691,547,757,818,682,357,141,9,0,4826,351,461,520,523,670,851,679,466,270,35,0
경상북도 영천시 서부동,4723053500,4646,147,253,464,351,503,862,965,693,363,44,1,2330,74,129,252,205,298,482,462,301,116,11,0,2316,73,124,212,146,205,380,503,392,247,33,1
경상북도 영천시 완산동,4723054000,9459,869,784,1044,1311,1452,1526,1303,794,342,33,1,4676,422,415,568,665,753,763,615,342,122,10,1,4783,447,369,476,646,699,763,688,452,220,23,0
경상북도 영천시 남부동,4723055500,4107,233,198,348,414,473,784,795,511,306,45,0,2220,118,109,228,247,298,455,424,234,97,10,0,1887,115,89,120,167,175,329,371,277,209,35,0
경상북도 상주시 ,4725000000,95701,4902,7349,7700,7058,10960,16213,19112,12390,8607,1374,36,46949,2556,3893,4440,3789,5790,8611,9429,5458,2717,264,2,48752,2346,3456,3260,3269,5170,7602,9683,6932,5890,1110,34
경상북도 상주시 함창읍,4725025000,6388,258,522,356,424,666,1026,1379,945,707,99,6,3087,144,251,208,245,343,560,695,397,225,18,1,3301,114,271,148,179,323,466,684,548,482,81,5
경상북도 상주시 중동면,4725031000,1377,37,58,57,66,105,222,326,278,201,27,0,672,25,26,34,40,75,131,166,114,57,4,0,705,12,32,23,26,30,91,160,164,144,23,0
경상북도 상주시 사벌국면,4725032500,3814,102,170,185,202,315,600,901,661,577,98,3,1864,52,105,120,112,210,341,473,280,158,13,0,1950,50,65,65,90,105,259,428,381,419,85,3
경상북도 상주시 낙동면,4725033000,2975,76,145,168,115,218,479,689,547,454,80,4,1450,39,72,99,74,136,261,369,246,139,15,0,1525,37,73,69,41,82,218,320,301,315,65,4
경상북도 상주시 낙동면동부출장소,4725033500,969,24,31,45,33,73,185,244,147,165,22,0,478,12,15,29,20,44,113,124,67,49,5,0,491,12,16,16,13,29,72,120,80,116,17,0
경상북도 상주시 청리면,4725034000,2576,72,97,133,131,187,418,646,453,377,60,2,1256,38,62,86,74,120,236,323,187,118,12,0,1320,34,35,47,57,67,182,323,266,259,48,2
경상북도 상주시 공성면,4725035000,3912,91,224,166,178,309,603,1000,738,517,84,2,1933,45,137,105,104,196,336,480,338,173,19,0,1979,46,87,61,74,113,267,520,400,344,65,2
경상북도 상주시 외남면,4725036000,1630,50,65,70,77,129,274,388,295,239,43,0,809,25,41,36,40,89,162,200,133,74,9,0,821,25,24,34,37,40,112,188,162,165,34,0
경상북도 상주시 내서면,4725037000,1886,44,68,82,89,128,349,531,320,246,29,0,971,17,40,47,60,76,192,300,147,88,4,0,915,27,28,35,29,52,157,231,173,158,25,0
경상북도 상주시 모동면,4725038000,2545,90,150,131,131,238,486,672,383,232,29,3,1279,50,72,85,70,142,257,335,172,91,4,1,1266,40,78,46,61,96,229,337,211,141,25,2
경상북도 상주시 모서면,4725039000,1731,61,61,97,81,147,320,459,266,205,34,0,883,27,33,68,52,87,187,242,112,64,11,0,848,34,28,29,29,60,133,217,154,141,23,0
경상북도 상주시 모서면서부출장소,4725039500,748,25,39,28,39,52,143,205,107,98,12,0,359,14,21,17,19,29,71,112,48,27,1,0,389,11,18,11,20,23,72,93,59,71,11,0
경상북도 상주시 화동면,4725040000,1947,49,106,95,89,156,374,486,329,216,47,0,975,27,53,51,48,96,212,257,152,73,6,0,972,22,53,44,41,60,162,229,177,143,41,0
경상북도 상주시 화서면,4725041000,2791,150,159,137,166,244,505,657,409,322,42,0,1356,77,76,74,91,133,261,341,174,118,11,0,1435,73,83,63,75,111,244,316,235,204,31,0
경상북도 상주시 화북면,4725042000,1211,25,62,61,66,108,250,287,184,140,27,1,604,15,29,25,44,61,143,139,84,58,6,0,607,10,33,36,22,47,107,148,100,82,21,1
경상북도 상주시 화북면서부출장소,4725042600,316,3,9,12,7,23,64,102,48,42,6,0,167,1,5,8,5,14,40,59,22,13,0,0,149,2,4,4,2,9,24,43,26,29,6,0
경상북도 상주시 외서면,4725043000,2671,85,138,115,133,272,456,627,450,342,51,2,1271,37,73,68,79,150,247,310,196,101,10,0,1400,48,65,47,54,122,209,317,254,241,41,2
경상북도 상주시 은척면,4725044000,1142,21,45,40,33,76,160,318,242,172,33,2,530,9,26,19,18,47,91,160,97,58,5,0,612,12,19,21,15,29,69,158,145,114,28,2
경상북도 상주시 은척면북부출장소,4725044500,372,5,18,11,9,24,65,80,66,82,12,0,195,0,13,9,7,12,43,44,32,32,3,0,177,5,5,2,2,12,22,36,34,50,9,0
경상북도 상주시 공검면,4725045000,2117,37,88,98,96,163,284,538,413,330,69,1,1005,16,41,63,62,104,154,271,183,100,11,0,1112,21,47,35,34,59,130,267,230,230,58,1
경상북도 상주시 이안면,4725046000,1986,54,82,86,65,174,289,445,402,325,62,2,968,36,39,51,41,100,172,224,180,104,21,0,1018,18,43,35,24,74,117,221,222,221,41,2
경상북도 상주시 화남면,4725047000,799,35,29,41,33,60,154,190,135,98,24,0,386,19,14,16,12,36,87,103,65,31,3,0,413,16,15,25,21,24,67,87,70,67,21,0
경상북도 상주시 남원동,4725052000,11829,802,1275,1240,1158,1696,1999,1942,1116,524,76,1,5790,409,731,696,606,804,982,895,492,163,12,0,6039,393,544,544,552,892,1017,1047,624,361,64,1
경상북도 상주시 북문동,4725053000,9255,750,857,986,1042,1384,1573,1488,721,398,56,0,4626,382,468,546,534,691,822,719,323,133,8,0,4629,368,389,440,508,693,751,769,398,265,48,0
경상북도 상주시 계림동,4725054000,8500,638,877,789,892,1227,1454,1277,766,504,73,3,4062,331,436,442,473,619,717,577,321,133,13,0,4438,307,441,347,419,608,737,700,445,371,60,3
경상북도 상주시 동문동,4725055000,7938,515,704,820,680,1069,1461,1316,836,466,69,2,3860,279,338,468,344,509,780,607,375,143,17,0,4078,236,366,352,336,560,681,709,461,323,52,2
경상북도 상주시 동성동,4725056000,3523,154,305,296,241,458,614,667,485,260,42,1,1718,96,164,181,123,247,320,286,212,85,4,0,1805,58,141,115,118,211,294,381,273,175,38,1
경상북도 상주시 신흥동,4725057000,8753,649,965,1355,782,1259,1406,1252,648,368,68,1,4395,334,512,789,392,620,693,618,309,109,19,0,4358,315,453,566,390,639,713,634,339,259,49,1
경상북도 문경시 ,4728000000,71159,3835,5463,6133,5434,8575,11824,14048,9168,5781,858,40,34928,1961,2965,3449,2863,4598,6147,6875,4012,1882,167,9,36231,1874,2498,2684,2571,3977,5677,7173,5156,3899,691,31
경상북도 문경시 문경읍,4728025000,5809,206,355,352,346,606,985,1342,941,579,85,12,2810,100,184,214,196,333,510,659,385,208,17,4,2999,106,171,138,150,273,475,683,556,371,68,8
경상북도 문경시 문경읍갈평출장소,4728025100,1107,30,60,64,48,91,230,277,169,122,16,0,569,15,34,43,27,56,131,145,78,38,2,0,538,15,26,21,21,35,99,132,91,84,14,0
경상북도 문경시 가은읍,4728025300,3216,108,145,176,153,250,509,767,560,467,78,3,1570,55,88,107,84,140,275,407,242,153,19,0,1646,53,57,69,69,110,234,360,318,314,59,3
경상북도 문경시 가은읍북부출장소,4728025400,860,12,41,32,48,70,185,230,137,92,12,1,455,3,25,17,21,36,113,147,59,34,0,0,405,9,16,15,27,34,72,83,78,58,12,1
경상북도 문경시 영순면,4728031000,2475,53,290,141,81,179,332,594,387,353,65,0,1302,22,191,83,49,116,192,312,194,129,14,0,1173,31,99,58,32,63,140,282,193,224,51,0
경상북도 문경시 산양면,4728032000,3072,94,130,168,164,262,469,748,536,419,81,1,1547,46,67,111,88,177,266,372,253,153,14,0,1525,48,63,57,76,85,203,376,283,266,67,1
경상북도 문경시 호계면,4728033000,2412,42,138,348,102,168,377,551,361,285,40,0,1158,21,78,136,61,97,214,289,161,94,7,0,1254,21,60,212,41,71,163,262,200,191,33,0
경상북도 문경시 산북면,4728034000,2752,53,95,144,121,207,468,679,507,415,59,4,1369,30,52,96,71,130,267,365,227,116,13,2,1383,23,43,48,50,77,201,314,280,299,46,2
경상북도 문경시 동로면,4728035000,1986,82,81,91,91,178,347,544,314,224,34,0,1016,40,42,58,49,108,180,314,140,77,8,0,970,42,39,33,42,70,167,230,174,147,26,0
경상북도 문경시 마성면,4728036000,3555,82,122,210,196,282,615,799,686,491,66,6,1688,34,73,123,111,182,347,401,274,129,12,2,1867,48,49,87,85,100,268,398,412,362,54,4
경상북도 문경시 농암면,4728037000,2617,71,86,118,126,172,494,680,460,336,70,4,1205,38,46,66,69,105,253,328,196,91,13,0,1412,33,40,52,57,67,241,352,264,245,57,4
경상북도 문경시 점촌1동,4728057000,5765,334,381,531,523,711,969,1159,755,363,38,1,2817,191,214,307,283,395,451,510,319,139,8,0,2948,143,167,224,240,316,518,649,436,224,30,1
경상북도 문경시 점촌2동,4728058000,7086,416,580,599,623,871,1105,1431,954,452,53,2,3423,212,303,342,327,465,563,635,420,148,8,0,3663,204,277,257,296,406,542,796,534,304,45,2
경상북도 문경시 점촌3동,4728059000,9017,627,853,846,779,1316,1503,1609,946,475,60,3,4476,330,490,507,390,691,744,739,402,164,19,0,4541,297,363,339,389,625,759,870,544,311,41,3
경상북도 문경시 점촌4동,4728060000,3138,112,151,211,235,318,519,697,516,341,37,1,1579,46,86,121,131,200,302,352,238,99,4,0,1559,66,65,90,104,118,217,345,278,242,33,1
경상북도 문경시 점촌5동,4728061000,16292,1513,1955,2102,1798,2894,2717,1941,939,367,64,2,7944,778,992,1118,906,1367,1339,900,424,110,9,1,8348,735,963,984,892,1527,1378,1041,515,257,55,1
경상북도 경산시 ,4729000000,268455,19783,22869,36442,33085,41592,45886,37449,20226,9858,1237,28,135017,10054,11893,19812,17847,21337,22987,18355,9031,3418,279,4,133438,9729,10976,16630,15238,20255,22899,19094,11195,6440,958,24
경상북도 경산시 하양읍,4729025000,28029,1932,2916,4231,2990,4407,4571,3546,2202,1111,118,5,14093,988,1568,2360,1642,2141,2312,1734,931,390,26,1,13936,944,1348,1871,1348,2266,2259,1812,1271,721,92,4
경상북도 경산시 진량읍,4729025300,35635,2158,3267,5344,3795,5920,7029,4412,2356,1214,136,4,18606,1122,1637,3062,2169,3123,3734,2295,1016,410,38,0,17029,1036,1630,2282,1626,2797,3295,2117,1340,804,98,4
경상북도 경산시 압량읍,4729025600,20744,2208,1195,3088,3955,3082,2802,2426,1254,646,86,2,11036,1150,645,1713,2246,1795,1438,1221,587,220,21,0,9708,1058,550,1375,1709,1287,1364,1205,667,426,65,2
경상북도 경산시 와촌면,4729031000,5731,133,242,448,445,572,1120,1406,834,474,56,1,3073,68,128,273,255,360,639,747,422,169,11,1,2658,65,114,175,190,212,481,659,412,305,45,0
경상북도 경산시 자인면,4729033000,5452,128,242,418,391,564,980,1359,838,469,60,3,2784,70,128,238,236,357,505,712,383,147,8,0,2668,58,114,180,155,207,475,647,455,322,52,3
경상북도 경산시 용성면,4729034000,3278,61,104,190,188,259,565,865,617,375,54,0,1724,28,51,119,124,162,329,480,298,123,10,0,1554,33,53,71,64,97,236,385,319,252,44,0
경상북도 경산시 남산면,4729035000,3709,114,156,247,211,367,667,912,589,381,64,1,1925,56,80,157,126,211,375,494,294,117,15,0,1784,58,76,90,85,156,292,418,295,264,49,1
경상북도 경산시 남천면,4729037000,2921,81,94,233,177,253,561,716,508,253,42,3,1508,47,49,145,109,150,313,358,246,80,9,2,1413,34,45,88,68,103,248,358,262,173,33,1
경상북도 경산시 중방동,4729051000,9638,487,565,1482,1132,1211,1837,1749,803,334,38,0,4664,249,290,744,604,591,853,842,373,110,8,0,4974,238,275,738,528,620,984,907,430,224,30,0
경상북도 경산시 중앙동,4729052000,6338,183,364,929,675,746,1215,1181,662,349,33,1,3131,97,194,510,386,381,611,573,267,101,11,0,3207,86,170,419,289,365,604,608,395,248,22,1
경상북도 경산시 남부동,4729053000,19973,1879,2010,2017,2474,3555,3026,2703,1559,664,85,1,9833,937,1103,1088,1264,1791,1465,1238,679,250,18,0,10140,942,907,929,1210,1764,1561,1465,880,414,67,1
경상북도 경산시 서부1동,4729054100,35674,2540,3830,4270,3760,6054,6205,5047,2613,1193,159,3,16965,1228,1878,2185,1834,2911,2973,2377,1099,445,35,0,18709,1312,1952,2085,1926,3143,3232,2670,1514,748,124,3
경상북도 경산시 서부2동,4729054200,36122,3872,2939,4457,5368,5695,6124,4410,2222,925,109,1,17331,1921,1470,2327,2651,2763,2786,2048,989,343,33,0,18791,1951,1469,2130,2717,2932,3338,2362,1233,582,76,1
경상북도 경산시 북부동,4729055000,16314,965,758,3810,2797,2169,2466,1929,947,413,60,0,8916,522,408,2072,1716,1270,1338,954,472,152,12,0,7398,443,350,1738,1081,899,1128,975,475,261,48,0
경상북도 경산시 동부동,4729056000,38897,3042,4187,5278,4727,6738,6718,4788,2222,1057,137,3,19428,1571,2264,2819,2485,3331,3316,2282,975,361,24,0,19469,1471,1923,2459,2242,3407,3402,2506,1247,696,113,3
경상북도 군위군 ,4772000000,22899,603,917,1395,1205,2014,4130,5587,4002,2688,343,15,11730,328,500,838,710,1174,2361,2968,1861,918,71,1,11169,275,417,557,495,840,1769,2619,2141,1770,272,14
경상북도 군위군 군위읍,4772025000,8132,381,575,694,598,1046,1499,1563,1042,650,78,6,4208,214,323,411,332,558,835,805,485,226,18,1,3924,167,252,283,266,488,664,758,557,424,60,5
경상북도 군위군 소보면,4772031000,2243,31,41,88,101,130,425,572,451,354,47,3,1164,16,23,51,60,83,251,315,217,133,15,0,1079,15,18,37,41,47,174,257,234,221,32,3
경상북도 군위군 효령면,4772032000,3743,86,117,234,174,283,686,1021,680,407,55,0,1931,46,57,138,98,175,398,562,317,130,10,0,1812,40,60,96,76,108,288,459,363,277,45,0
경상북도 군위군 부계면,4772033000,2006,34,43,118,86,127,380,554,363,263,38,0,1042,21,31,76,61,81,205,301,161,97,8,0,964,13,12,42,25,46,175,253,202,166,30,0
경상북도 군위군 우보면,4772034000,1944,14,32,94,66,121,340,527,409,309,30,2,970,4,12,59,41,89,191,276,192,101,5,0,974,10,20,35,25,32,149,251,217,208,25,2
경상북도 군위군 의흥면,4772035000,2359,31,68,91,91,165,375,624,512,355,43,4,1147,12,32,49,54,104,217,309,238,122,10,0,1212,19,36,42,37,61,158,315,274,233,33,4
경상북도 군위군 산성면,4772036000,1174,15,23,36,45,64,189,324,258,196,24,0,592,9,12,26,33,38,127,168,114,60,5,0,582,6,11,10,12,26,62,156,144,136,19,0
경상북도 군위군 삼국유사면,4772038000,1298,11,18,40,44,78,236,402,287,154,28,0,676,6,10,28,31,46,137,232,137,49,0,0,622,5,8,12,13,32,99,170,150,105,28,0
경상북도 의성군 ,4773000000,50665,1805,2174,2858,2966,4456,8227,12160,8845,6300,853,21,24806,957,1136,1652,1654,2597,4484,6160,3897,2083,183,3,25859,848,1038,1206,1312,1859,3743,6000,4948,4217,670,18
경상북도 의성군 의성읍,4773025000,12984,746,997,1050,1073,1709,2099,2551,1700,934,124,1,6344,406,527,593,538,885,1111,1205,749,305,25,0,6640,340,470,457,535,824,988,1346,951,629,99,1
경상북도 의성군 단촌면,4773031000,1925,28,56,79,79,143,301,563,348,295,32,1,958,17,34,53,52,95,179,285,140,98,5,0,967,11,22,26,27,48,122,278,208,197,27,1
경상북도 의성군 점곡면,4773032000,1614,39,32,67,71,94,246,441,327,257,40,0,793,23,17,43,47,64,136,223,148,85,7,0,821,16,15,24,24,30,110,218,179,172,33,0
경상북도 의성군 옥산면,4773033000,1744,27,52,77,60,116,331,503,338,213,26,1,867,18,24,39,42,76,180,265,146,71,6,0,877,9,28,38,18,40,151,238,192,142,20,1
경상북도 의성군 사곡면,4773034000,1551,20,36,55,41,103,269,428,306,248,45,0,752,13,23,29,25,73,143,217,144,74,11,0,799,7,13,26,16,30,126,211,162,174,34,0
경상북도 의성군 춘산면,4773035000,1452,41,48,47,69,67,239,453,272,187,28,1,740,16,29,36,39,38,118,258,130,70,6,0,712,25,19,11,30,29,121,195,142,117,22,1
경상북도 의성군 가음면,4773036000,1448,35,37,49,71,84,235,422,278,211,26,0,726,22,15,28,37,52,124,241,122,80,5,0,722,13,22,21,34,32,111,181,156,131,21,0
경상북도 의성군 금성면,4773037000,4193,121,136,204,216,340,619,1068,840,553,91,5,2052,69,75,112,129,198,334,557,380,172,25,1,2141,52,61,92,87,142,285,511,460,381,66,4
경상북도 의성군 봉양면,4773038000,3858,150,117,243,251,332,662,958,642,426,74,3,1886,67,65,132,138,207,370,468,282,138,19,0,1972,83,52,111,113,125,292,490,360,288,55,3
경상북도 의성군 비안면,4773039000,2557,88,44,108,127,179,404,679,505,374,48,1,1251,42,23,67,75,119,225,339,235,117,9,0,1306,46,21,41,52,60,179,340,270,257,39,1
경상북도 의성군 구천면,4773040000,1752,43,43,68,93,105,286,465,337,279,33,0,875,17,25,39,57,74,160,250,152,95,6,0,877,26,18,29,36,31,126,215,185,184,27,0
경상북도 의성군 단밀면,4773041000,1712,33,56,85,89,118,282,399,335,287,27,1,851,19,29,58,51,78,156,197,150,109,4,0,861,14,27,27,38,40,126,202,185,178,23,1
경상북도 의성군 단북면,4773042000,1788,41,47,98,81,115,303,429,349,293,31,1,861,25,22,58,46,75,182,226,140,81,6,0,927,16,25,40,35,40,121,203,209,212,25,1
경상북도 의성군 안계면,4773043000,4556,229,248,359,329,483,750,870,727,491,70,0,2169,113,111,207,184,256,392,433,310,154,9,0,2387,116,137,152,145,227,358,437,417,337,61,0
경상북도 의성군 다인면,4773044000,3757,85,119,161,172,250,609,926,773,588,71,3,1827,46,61,95,115,159,326,465,341,196,21,2,1930,39,58,66,57,91,283,461,432,392,50,1
경상북도 의성군 신평면,4773045000,826,19,13,20,26,43,151,192,183,157,22,0,396,8,8,8,14,24,92,104,69,62,7,0,430,11,5,12,12,19,59,88,114,95,15,0
경상북도 의성군 안평면,4773046000,2135,47,75,63,82,126,321,600,420,353,47,1,1069,27,39,37,44,92,186,311,193,129,11,0,1066,20,36,26,38,34,135,289,227,224,36,1
경상북도 의성군 안사면,4773047000,813,13,18,25,36,49,120,213,165,154,18,2,389,9,9,18,21,32,70,116,66,47,1,0,424,4,9,7,15,17,50,97,99,107,17,2
경상북도 청송군 ,4775000000,24590,921,1164,1573,1565,2257,4492,5731,3976,2562,338,11,12269,476,619,953,908,1291,2408,2856,1793,892,72,1,12321,445,545,620,657,966,2084,2875,2183,1670,266,10
경상북도 청송군 청송읍,4775025000,5115,274,344,437,442,585,985,960,624,409,52,3,2525,141,177,251,248,305,519,472,268,137,7,0,2590,133,167,186,194,280,466,488,356,272,45,3
경상북도 청송군 주왕산면,4775031500,1815,42,53,84,108,134,344,481,335,209,25,0,905,20,33,51,67,85,180,257,145,64,3,0,910,22,20,33,41,49,164,224,190,145,22,0
경상북도 청송군 부남면,4775032000,2480,67,85,125,117,163,458,668,467,286,43,1,1227,35,50,75,61,93,249,325,215,114,9,1,1253,32,35,50,56,70,209,343,252,172,34,0
경상북도 청송군 현동면,4775033000,2085,74,97,139,95,186,417,448,357,236,33,3,1040,38,51,81,52,111,228,220,168,83,8,0,1045,36,46,58,43,75,189,228,189,153,25,3
경상북도 청송군 현서면,4775034000,2489,56,92,112,113,172,435,741,446,284,37,1,1230,30,50,62,70,99,228,360,205,118,8,0,1259,26,42,50,43,73,207,381,241,166,29,1
경상북도 청송군 안덕면,4775035000,2582,71,97,100,120,181,484,642,504,329,51,3,1250,40,53,64,65,105,257,321,216,114,15,0,1332,31,44,36,55,76,227,321,288,215,36,3
경상북도 청송군 파천면,4775036000,1748,46,55,78,84,132,258,464,331,256,44,0,876,23,22,47,55,82,144,262,149,80,12,0,872,23,33,31,29,50,114,202,182,176,32,0
경상북도 청송군 진보면,4775037000,6276,291,341,498,486,704,1111,1327,912,553,53,0,3216,149,183,322,290,411,603,639,427,182,10,0,3060,142,158,176,196,293,508,688,485,371,43,0
경상북도 영양군 ,4776000000,16335,677,896,1071,995,1610,2836,3618,2585,1759,271,17,8138,354,463,620,543,955,1588,1838,1127,585,63,2,8197,323,433,451,452,655,1248,1780,1458,1174,208,15
경상북도 영양군 영양읍,4776025000,7143,415,529,614,605,901,1213,1337,882,538,108,1,3545,227,267,358,323,500,648,658,371,173,20,0,3598,188,262,256,282,401,565,679,511,365,88,1
경상북도 영양군 입암면,4776031000,2092,68,74,93,109,179,339,517,398,273,41,1,1010,31,40,50,58,121,186,263,165,87,8,1,1082,37,34,43,51,58,153,254,233,186,33,0
경상북도 영양군 청기면,4776032000,1686,45,43,72,56,119,267,455,353,240,33,3,858,24,22,40,33,83,170,224,173,82,7,0,828,21,21,32,23,36,97,231,180,158,26,3
경상북도 영양군 일월면,4776033000,1758,36,78,106,72,119,342,412,297,260,34,2,873,16,42,58,43,66,191,220,137,88,11,1,885,20,36,48,29,53,151,192,160,172,23,1
경상북도 영양군 수비면,4776034000,1674,59,99,91,66,148,299,391,284,205,27,5,846,33,49,59,34,92,176,200,122,72,9,0,828,26,50,32,32,56,123,191,162,133,18,5
경상북도 영양군 석보면,4776035000,1982,54,73,95,87,144,376,506,371,243,28,5,1006,23,43,55,52,93,217,273,159,83,8,0,976,31,30,40,35,51,159,233,212,160,20,5
경상북도 영덕군 ,4777000000,35451,1485,2031,2250,2179,3677,5988,7569,5776,3915,560,21,16834,741,1052,1313,1139,2007,3237,3651,2372,1216,103,3,18617,744,979,937,1040,1670,2751,3918,3404,2699,457,18
경상북도 영덕군 영덕읍,4777025000,10798,725,918,904,942,1542,1828,1859,1216,743,114,7,5192,364,451,522,478,768,996,866,484,239,23,1,5606,361,467,382,464,774,832,993,732,504,91,6
경상북도 영덕군 강구면,4777031000,6030,196,283,392,349,602,1122,1405,1053,556,71,1,2835,95,162,235,187,345,586,647,414,154,10,0,3195,101,121,157,162,257,536,758,639,402,61,1
경상북도 영덕군 남정면,4777032000,2329,36,61,123,109,167,401,560,478,336,56,2,1127,17,41,74,55,104,235,296,197,98,10,0,1202,19,20,49,54,63,166,264,281,238,46,2
경상북도 영덕군 달산면,4777033000,1117,11,35,47,38,62,193,282,229,182,37,1,502,7,19,25,24,29,108,150,86,48,6,0,615,4,16,22,14,33,85,132,143,134,31,1
경상북도 영덕군 지품면,4777034000,1477,34,39,63,51,94,251,392,298,226,28,1,729,19,25,36,24,64,141,204,132,76,8,0,748,15,14,27,27,30,110,188,166,150,20,1
경상북도 영덕군 지품면원전출장소,4777034500,522,9,13,16,10,26,81,136,136,85,10,0,247,4,6,10,6,21,44,69,56,29,2,0,275,5,7,6,4,5,37,67,80,56,8,0
경상북도 영덕군 축산면,4777035000,911,25,34,40,31,71,137,204,191,160,18,0,428,15,16,24,14,40,81,100,88,48,2,0,483,10,18,16,17,31,56,104,103,112,16,0
경상북도 영덕군 축산면축산출장소,4777035500,1659,36,63,71,75,144,287,412,353,204,14,0,773,18,35,43,39,82,148,191,148,63,6,0,886,18,28,28,36,62,139,221,205,141,8,0
경상북도 영덕군 영해면,4777036000,6218,323,416,443,406,676,1023,1245,910,663,111,2,2902,151,217,261,211,360,525,584,375,201,17,0,3316,172,199,182,195,316,498,661,535,462,94,2
경상북도 영덕군 병곡면,4777037000,2740,70,122,109,109,193,426,650,541,453,67,0,1289,39,59,57,65,126,247,323,222,142,9,0,1451,31,63,52,44,67,179,327,319,311,58,0
경상북도 영덕군 창수면,4777038000,1650,20,47,42,59,100,239,424,371,307,34,7,810,12,21,26,36,68,126,221,170,118,10,2,840,8,26,16,23,32,113,203,201,189,24,5
경상북도 청도군 ,4782000000,41827,1416,2202,2580,2597,4271,7106,9926,6673,4412,634,10,20549,723,1118,1507,1410,2364,3782,5045,3062,1411,126,1,21278,693,1084,1073,1187,1907,3324,4881,3611,3001,508,9
경상북도 청도군 화양읍,4782025000,7199,453,647,569,622,1013,1192,1340,787,502,73,1,3515,236,320,330,317,512,612,655,352,165,16,0,3684,217,327,239,305,501,580,685,435,337,57,1
경상북도 청도군 화양읍남성현출장소,4782025100,1104,36,25,55,85,94,162,274,194,156,22,1,556,17,17,29,48,64,89,139,91,57,4,1,548,19,8,26,37,30,73,135,103,99,18,0
경상북도 청도군 청도읍,4782025300,10122,400,692,789,783,1274,1770,2160,1370,782,100,2,4950,193,347,444,425,681,919,1081,603,239,18,0,5172,207,345,345,358,593,851,1079,767,543,82,2
경상북도 청도군 청도읍유호출장소,4782025400,1575,42,45,64,70,134,237,445,331,183,24,0,763,17,26,41,40,85,125,216,149,59,5,0,812,25,19,23,30,49,112,229,182,124,19,0
경상북도 청도군 각남면,4782031000,2169,52,77,107,112,157,340,533,450,291,49,1,1033,30,39,66,56,97,171,279,194,91,10,0,1136,22,38,41,56,60,169,254,256,200,39,1
경상북도 청도군 풍각면,4782032000,3869,116,148,197,248,328,646,1012,637,465,71,1,1901,59,66,124,137,196,357,507,291,151,13,0,1968,57,82,73,111,132,289,505,346,314,58,1
경상북도 청도군 각북면,4782033000,2240,56,62,112,102,146,425,620,402,280,35,0,1103,31,24,70,52,73,225,338,176,111,3,0,1137,25,38,42,50,73,200,282,226,169,32,0
경상북도 청도군 이서면,4782034000,4485,121,269,239,232,439,747,1089,787,475,86,1,2190,60,146,129,120,239,397,546,391,144,18,0,2295,61,123,110,112,200,350,543,396,331,68,1
경상북도 청도군 운문면,4782035000,2061,27,40,113,91,157,419,546,335,298,35,0,1021,16,28,72,52,78,231,306,142,86,10,0,1040,11,12,41,39,79,188,240,193,212,25,0
경상북도 청도군 금천면,4782036000,3264,59,95,155,111,259,552,858,657,451,65,2,1655,35,54,90,71,170,319,438,321,141,16,0,1609,24,41,65,40,89,233,420,336,310,49,2
경상북도 청도군 매전면,4782037000,3739,54,102,180,141,270,616,1049,723,529,74,1,1862,29,51,112,92,169,337,540,352,167,13,0,1877,25,51,68,49,101,279,509,371,362,61,1
경상북도 고령군 ,4783000000,30673,1330,1906,2304,2065,3572,5726,6576,4124,2723,341,6,15762,693,1019,1342,1122,2011,3255,3486,1851,902,79,2,14911,637,887,962,943,1561,2471,3090,2273,1821,262,4
경상북도 고령군 대가야읍,4783025300,9878,579,858,891,751,1422,1852,1746,1094,619,64,2,4982,309,470,526,376,742,1018,865,464,199,13,0,4896,270,388,365,375,680,834,881,630,420,51,2
경상북도 고령군 덕곡면,4783031000,1422,33,39,81,62,90,238,391,236,228,22,2,712,18,20,47,33,53,133,222,102,75,8,1,710,15,19,34,29,37,105,169,134,153,14,1
경상북도 고령군 운수면,4783032000,1814,40,47,100,104,134,321,459,329,246,34,0,918,21,27,56,61,86,185,239,154,77,12,0,896,19,20,44,43,48,136,220,175,169,22,0
경상북도 고령군 성산면,4783033000,2516,64,65,176,159,227,512,646,381,245,41,0,1372,28,32,107,96,151,308,367,185,88,10,0,1144,36,33,69,63,76,204,279,196,157,31,0
경상북도 고령군 다산면,4783034000,8333,455,726,735,675,1186,1579,1601,861,465,50,0,4331,234,380,414,365,647,881,836,392,170,12,0,4002,221,346,321,310,539,698,765,469,295,38,0
경상북도 고령군 개진면,4783035000,1905,42,33,99,102,133,391,514,331,219,40,1,1029,26,20,57,66,88,245,295,156,66,9,1,876,16,13,42,36,45,146,219,175,153,31,0
경상북도 고령군 우곡면,4783036000,1545,26,41,71,69,118,278,348,326,248,20,0,799,13,17,48,47,79,170,186,151,85,3,0,746,13,24,23,22,39,108,162,175,163,17,0
경상북도 고령군 쌍림면,4783037000,3260,91,97,151,143,262,555,871,566,453,70,1,1619,44,53,87,78,165,315,476,247,142,12,0,1641,47,44,64,65,97,240,395,319,311,58,1
경상북도 성주군 ,4784000000,42766,1832,2192,3173,3127,4502,8091,9831,5919,3572,518,9,22166,919,1204,1914,1687,2666,4492,5205,2779,1185,114,1,20600,913,988,1259,1440,1836,3599,4626,3140,2387,404,8
경상북도 성주군 성주읍,4784025000,13492,882,1253,1401,1295,1966,2392,2202,1294,703,104,0,6840,415,699,807,655,1043,1286,1107,570,235,23,0,6652,467,554,594,640,923,1106,1095,724,468,81,0
경상북도 성주군 선남면,4784031000,6124,199,196,415,447,578,1282,1588,905,435,74,5,3343,106,105,277,267,397,711,868,451,146,14,1,2781,93,91,138,180,181,571,720,454,289,60,4
경상북도 성주군 용암면,4784032000,3637,108,101,196,228,315,760,1008,525,341,55,0,2000,59,61,124,145,203,458,574,261,105,10,0,1637,49,40,72,83,112,302,434,264,236,45,0
경상북도 성주군 수륜면,4784033000,3108,85,102,140,169,227,559,852,511,403,60,0,1546,48,45,88,92,129,300,465,238,124,17,0,1562,37,57,52,77,98,259,387,273,279,43,0
경상북도 성주군 가천면,4784034000,2009,59,38,106,114,159,393,547,311,244,36,2,999,28,18,61,71,108,206,276,145,79,7,0,1010,31,20,45,43,51,187,271,166,165,29,2
경상북도 성주군 금수면,4784035000,1190,25,34,60,56,98,232,296,218,151,20,0,624,18,22,38,37,61,128,161,105,50,4,0,566,7,12,22,19,37,104,135,113,101,16,0
경상북도 성주군 대가면,4784036000,2419,69,87,175,125,212,427,595,423,267,39,0,1225,36,45,104,67,133,248,300,187,95,10,0,1194,33,42,71,58,79,179,295,236,172,29,0
경상북도 성주군 벽진면,4784037000,3038,101,84,181,177,251,540,839,527,291,46,1,1574,47,41,113,89,175,302,440,259,94,14,0,1464,54,43,68,88,76,238,399,268,197,32,1
경상북도 성주군 초전면,4784038000,4429,184,188,280,298,412,851,1066,673,424,53,0,2257,99,107,175,151,244,478,543,309,144,7,0,2172,85,81,105,147,168,373,523,364,280,46,0
경상북도 성주군 월항면,4784039000,3320,120,109,219,218,284,655,838,532,313,31,1,1758,63,61,127,113,173,375,471,254,113,8,0,1562,57,48,92,105,111,280,367,278,200,23,1
경상북도 칠곡군 ,4785000000,113896,8774,11359,11602,13825,20523,19965,14874,7669,4616,670,19,59313,4540,5936,6648,7502,11044,10811,7763,3402,1502,164,1,54583,4234,5423,4954,6323,9479,9154,7111,4267,3114,506,18
경상북도 칠곡군 왜관읍,4785025000,32794,2158,3274,3698,3257,5247,6274,4727,2426,1518,206,9,16430,1111,1675,2132,1739,2671,3190,2352,1014,495,51,0,16364,1047,1599,1566,1518,2576,3084,2375,1412,1023,155,9
경상북도 칠곡군 북삼읍,4785025300,24368,1749,3117,2867,2359,5089,4984,2495,1077,555,76,0,12654,920,1617,1680,1211,2521,2682,1345,479,177,22,0,11714,829,1500,1187,1148,2568,2302,1150,598,378,54,0
경상북도 칠곡군 석적읍,4785025600,31170,4110,3810,2982,6531,7333,3411,1793,760,387,52,1,16842,2117,2020,1567,3543,4180,2060,894,330,117,14,0,14328,1993,1790,1415,2988,3153,1351,899,430,270,38,1
경상북도 칠곡군 지천면,4785031000,4104,80,99,283,238,350,768,1051,686,480,68,1,2206,40,56,163,144,244,453,596,323,168,19,0,1898,40,43,120,94,106,315,455,363,312,49,1
경상북도 칠곡군 동명면,4785032000,5347,125,164,382,323,459,1081,1420,787,510,94,2,2726,63,81,254,201,288,551,744,375,157,12,0,2621,62,83,128,122,171,530,676,412,353,82,2
경상북도 칠곡군 가산면,4785033000,3427,82,110,215,197,342,708,912,532,270,59,0,1865,42,57,139,126,205,409,509,262,97,19,0,1562,40,53,76,71,137,299,403,270,173,40,0
경상북도 칠곡군 약목면,4785036000,9541,275,604,978,631,1293,2194,1835,1038,619,71,3,4950,138,324,589,385,696,1172,975,455,200,16,0,4591,137,280,389,246,597,1022,860,583,419,55,3
경상북도 칠곡군 기산면,4785037000,3145,195,181,197,289,410,545,641,363,277,44,3,1640,109,106,124,153,239,294,348,164,91,11,1,1505,86,75,73,136,171,251,293,199,186,33,2
경상북도 예천군 ,4790000000,55824,4475,4478,4056,5305,7220,7926,9794,6755,5082,710,23,27414,2276,2363,2273,2663,3871,4168,4917,3026,1718,137,2,28410,2199,2115,1783,2642,3349,3758,4877,3729,3364,573,21
경상북도 예천군 예천읍,4790025000,14566,735,1184,1288,1080,1858,2395,2912,1852,1097,162,3,7167,374,653,750,564,993,1197,1386,833,387,30,0,7399,361,531,538,516,865,1198,1526,1019,710,132,3
경상북도 예천군 용문면,4790031000,2272,57,113,75,75,169,320,527,479,410,47,0,1141,30,68,45,40,107,198,283,214,145,11,0,1131,27,45,30,35,62,122,244,265,265,36,0
경상북도 예천군 감천면,4790034000,2599,45,75,127,105,152,398,708,496,420,72,1,1293,24,37,82,68,103,215,380,217,148,18,1,1306,21,38,45,37,49,183,328,279,272,54,0
경상북도 예천군 보문면,4790035000,1691,58,56,52,81,110,254,429,328,285,38,0,833,26,35,31,40,73,161,232,138,88,9,0,858,32,21,21,41,37,93,197,190,197,29,0
경상북도 예천군 호명면,4790036000,19947,3233,2501,1755,3319,3826,2446,1561,745,485,73,3,9759,1645,1285,906,1557,1875,1200,775,345,160,11,0,10188,1588,1216,849,1762,1951,1246,786,400,325,62,3
경상북도 예천군 유천면,4790037000,2555,151,112,230,200,234,321,472,412,361,59,3,1271,79,56,148,114,157,186,231,179,110,11,0,1284,72,56,82,86,77,135,241,233,251,48,3
경상북도 예천군 용궁면,4790038000,2383,40,88,105,93,194,338,587,498,386,50,4,1164,23,45,60,58,128,189,285,224,141,11,0,1219,17,43,45,35,66,149,302,274,245,39,4
경상북도 예천군 개포면,4790039000,1501,15,35,53,39,85,200,415,314,308,36,1,727,5,19,34,23,57,126,219,134,106,4,0,774,10,16,19,16,28,74,196,180,202,32,1
경상북도 예천군 지보면,4790040000,2691,42,80,94,114,184,385,718,560,463,48,3,1324,21,45,53,72,134,218,369,257,148,7,0,1367,21,35,41,42,50,167,349,303,315,41,3
경상북도 예천군 풍양면,4790041000,3089,45,109,164,114,230,461,756,614,529,67,0,1477,23,53,99,79,140,251,380,270,170,12,0,1612,22,56,65,35,90,210,376,344,359,55,0
경상북도 예천군 효자면,4790042000,1162,19,54,41,34,75,206,379,187,138,28,1,579,9,35,20,15,45,107,208,95,38,6,1,583,10,19,21,19,30,99,171,92,100,22,0
경상북도 예천군 은풍면,4790043000,1368,35,71,72,51,103,202,330,270,200,30,4,679,17,32,45,33,59,120,169,120,77,7,0,689,18,39,27,18,44,82,161,150,123,23,4
경상북도 봉화군 ,4792000000,30802,1248,1806,1818,1757,3029,5535,7125,4652,3298,510,24,15571,650,964,1098,968,1754,3008,3727,2126,1156,119,1,15231,598,842,720,789,1275,2527,3398,2526,2142,391,23
경상북도 봉화군 봉화읍,4792025000,9700,564,884,793,703,1221,1707,1739,1168,783,132,6,4788,293,441,451,357,638,907,874,525,279,23,0,4912,271,443,342,346,583,800,865,643,504,109,6
경상북도 봉화군 물야면,4792031000,3078,88,123,118,138,222,572,841,545,368,61,2,1551,44,75,79,79,128,290,453,249,135,19,0,1527,44,48,39,59,94,282,388,296,233,42,2
경상북도 봉화군 봉성면,4792032000,2073,48,83,123,100,173,344,532,358,270,40,2,1007,27,41,76,58,107,181,266,162,80,8,1,1066,21,42,47,42,66,163,266,196,190,32,1
경상북도 봉화군 법전면,4792033000,2010,65,84,99,98,130,344,497,341,310,40,2,1018,35,45,61,53,81,199,274,144,116,10,0,992,30,39,38,45,49,145,223,197,194,30,2
경상북도 봉화군 춘양면,4792034000,4330,165,213,239,221,381,818,1036,677,493,86,1,2162,95,116,142,120,222,429,530,308,178,22,0,2168,70,97,97,101,159,389,506,369,315,64,1
경상북도 봉화군 소천면,4792035000,2180,50,83,88,93,170,423,622,359,254,34,4,1102,24,47,55,48,105,230,339,168,77,9,0,1078,26,36,33,45,65,193,283,191,177,25,4
경상북도 봉화군 재산면,4792036000,1503,26,62,65,54,111,325,423,235,176,25,1,765,11,43,37,30,61,176,231,109,61,6,0,738,15,19,28,24,50,149,192,126,115,19,1
경상북도 봉화군 명호면,4792037000,2231,55,108,92,82,202,411,582,396,258,41,4,1180,31,65,66,49,128,236,316,189,94,6,0,1051,24,43,26,33,74,175,266,207,164,35,4
경상북도 봉화군 상운면,4792038000,1700,21,34,80,57,110,275,461,369,257,34,2,873,7,24,50,39,74,159,231,182,97,10,0,827,14,10,30,18,36,116,230,187,160,24,2
경상북도 봉화군 석포면,4792039000,1997,166,132,121,211,309,316,392,204,129,17,0,1125,83,67,81,135,210,201,213,90,39,6,0,872,83,65,40,76,99,115,179,114,90,11,0
경상북도 울진군 ,4793000000,47928,2760,3552,4275,4081,6004,8336,8794,5539,3882,695,10,24056,1425,1895,2538,2253,3282,4569,4388,2429,1159,118,0,23872,1335,1657,1737,1828,2722,3767,4406,3110,2723,577,10
경상북도 울진군 울진읍,4793025000,13881,1026,1587,1557,1331,2236,2414,1874,1068,672,114,2,7013,536,825,905,708,1121,1269,944,468,222,15,0,6868,490,762,652,623,1115,1145,930,600,450,99,2
경상북도 울진군 평해읍,4793025300,2740,51,199,162,152,202,438,578,499,383,75,1,1308,28,136,91,85,123,247,266,199,118,15,0,1432,23,63,71,67,79,191,312,300,265,60,1
경상북도 울진군 북면,4793031000,6668,754,459,718,1065,966,1057,846,458,301,41,3,3531,382,241,433,582,546,611,429,217,87,3,0,3137,372,218,285,483,420,446,417,241,214,38,3
경상북도 울진군 북면하당출장소,4793031500,685,5,20,43,25,58,133,162,121,103,15,0,354,3,10,24,19,40,87,88,49,33,1,0,331,2,10,19,6,18,46,74,72,70,14,0
경상북도 울진군 근남면,4793033000,2747,109,114,180,169,284,492,607,375,354,63,0,1385,65,61,106,99,174,286,313,159,111,11,0,1362,44,53,74,70,110,206,294,216,243,52,0
경상북도 울진군 기성면,4793035000,2474,50,94,154,119,143,401,596,435,393,89,0,1181,25,43,106,78,78,230,303,188,116,14,0,1293,25,51,48,41,65,171,293,247,277,75,0
경상북도 울진군 온정면,4793036000,1695,44,62,89,49,138,261,394,335,272,50,1,816,21,36,52,29,77,154,202,148,85,12,0,879,23,26,37,20,61,107,192,187,187,38,1
경상북도 울진군 죽변면,4793037000,6313,300,361,641,529,796,1203,1296,687,439,61,0,3254,151,197,393,306,463,659,650,315,109,11,0,3059,149,164,248,223,333,544,646,372,330,50,0
경상북도 울진군 후포면,4793038000,7435,351,541,600,523,919,1315,1642,990,461,92,1,3632,178,290,350,271,505,673,771,437,138,19,0,3803,173,251,250,252,414,642,871,553,323,73,1
경상북도 울진군 금강송면,4793039000,1276,21,36,37,38,107,291,334,219,172,20,1,628,12,18,23,25,55,159,180,96,51,9,0,648,9,18,14,13,52,132,154,123,121,11,1
경상북도 울진군 매화면,4793040000,2014,49,79,94,81,155,331,465,352,332,75,1,954,24,38,55,51,100,194,242,153,89,8,0,1060,25,41,39,30,55,137,223,199,243,67,1
경상북도 울릉군 ,4794000000,8888,378,453,810,806,1214,1776,1814,1055,500,80,2,4862,195,227,501,475,743,1057,945,500,199,20,0,4026,183,226,309,331,471,719,869,555,301,60,2
경상북도 울릉군 울릉읍,4794025000,6290,277,352,612,622,907,1270,1250,680,277,41,2,3455,145,164,378,372,543,758,647,323,116,9,0,2835,132,188,234,250,364,512,603,357,161,32,2
경상북도 울릉군 서면,4794031000,893,45,41,66,68,101,183,190,115,78,6,0,479,21,29,45,37,60,108,104,49,24,2,0,414,24,12,21,31,41,75,86,66,54,4,0
경상북도 울릉군 서면태하출장소,4794031500,433,13,19,22,27,34,86,97,84,36,15,0,236,8,12,11,15,27,52,46,46,14,5,0,197,5,7,11,12,7,34,51,38,22,10,0
경상북도 울릉군 북면,4794032000,1272,43,41,110,89,172,237,277,176,109,18,0,692,21,22,67,51,113,139,148,82,45,4,0,580,22,19,43,38,59,98,129,94,64,14,0
경상남도  ,4800000000,3316365,252126,319712,364578,381635,527310,579473,492612,249261,130753,18480,425,1669512,129748,166679,203555,199801,271367,296586,244914,111711,41626,3450,75,1646853,122378,153033,161023,181834,255943,282887,247698,137550,89127,15030,350
경상남도 창원시 ,4812000000,1033281,79371,98128,126044,130293,166246,184804,151057,65670,27904,3694,70,523465,40984,51214,70589,69110,84755,91706,74632,30330,9452,680,13,509816,38387,46914,55455,61183,81491,93098,76425,35340,18452,3014,57
경상남도 창원시 의창구 ,4812100000,218131,17179,19353,28038,28353,33876,41135,31926,12232,5288,730,21,111038,8755,10197,15658,14997,17406,20218,16128,5857,1689,129,4,107093,8424,9156,12380,13356,16470,20917,15798,6375,3599,601,17
경상남도 창원시 의창구 동읍,4812125000,19802,1051,1790,2197,1755,3031,3911,3382,1698,881,104,2,10091,516,982,1306,957,1574,1990,1693,792,272,9,0,9711,535,808,891,798,1457,1921,1689,906,609,95,2
경상남도 창원시 의창구 북면,4812131000,43392,6220,4020,3607,7503,7601,6107,5345,1916,926,141,6,21837,3204,2053,1980,3624,4052,2927,2760,944,270,21,2,21555,3016,1967,1627,3879,3549,3180,2585,972,656,120,4
경상남도 창원시 의창구 대산면,4812132000,7108,232,374,614,631,764,1282,1682,926,523,79,1,3591,128,201,351,393,447,649,865,396,146,14,1,3517,104,173,263,238,317,633,817,530,377,65,0
경상남도 창원시 의창구 의창동,4812151000,50410,4131,4564,6718,6838,7940,9628,6940,2556,959,133,3,25527,2066,2379,3721,3646,4009,4668,3437,1269,305,27,0,24883,2065,2185,2997,3192,3931,4960,3503,1287,654,106,3
경상남도 창원시 의창구 팔룡동,4812152000,25914,1960,2653,3854,3703,4308,5126,2989,923,354,42,2,13242,1013,1431,2103,1940,2097,2552,1542,432,124,8,0,12672,947,1222,1751,1763,2211,2574,1447,491,230,34,2
경상남도 창원시 의창구 명곡동,4812153000,41439,2199,3835,6173,4252,6147,9121,6381,2334,880,113,4,21078,1131,2019,3433,2288,3074,4459,3205,1121,323,25,0,20361,1068,1816,2740,1964,3073,4662,3176,1213,557,88,4
경상남도 창원시 의창구 봉림동,4812154000,30066,1386,2117,4875,3671,4085,5960,5207,1879,765,118,3,15672,697,1132,2764,2149,2153,2973,2626,903,249,25,1,14394,689,985,2111,1522,1932,2987,2581,976,516,93,2
경상남도 창원시 성산구 ,4812300000,251982,18407,25726,37004,34452,40522,51125,31447,9019,3699,570,11,128576,9485,13557,20776,18420,19497,24664,16581,4390,1110,93,3,123406,8922,12169,16228,16032,21025,26461,14866,4629,2589,477,8
경상남도 창원시 성산구 반송동,4812351000,41073,3058,5137,5311,4460,7113,8256,5285,1739,621,89,4,20731,1564,2729,3009,2238,3322,4059,2729,866,206,9,0,20342,1494,2408,2302,2222,3791,4197,2556,873,415,80,4
경상남도 창원시 성산구 용지동,4812351500,29498,2039,2623,4477,4046,4530,6022,3860,1293,524,83,1,14823,1092,1398,2455,2144,2162,2830,1942,621,162,16,1,14675,947,1225,2022,1902,2368,3192,1918,672,362,67,0
경상남도 창원시 성산구 중앙동,4812352000,34546,2157,2489,6204,6037,5214,6576,4138,1194,457,79,1,18655,1143,1302,3538,3472,2800,3407,2198,624,157,14,0,15891,1014,1187,2666,2565,2414,3169,1940,570,300,65,1
경상남도 창원시 성산구 상남동,4812353000,27776,1974,3265,3997,3409,4625,5919,3385,783,353,63,3,13949,1005,1710,2244,1790,2116,2762,1828,368,110,15,1,13827,969,1555,1753,1619,2509,3157,1557,415,243,48,2
경상남도 창원시 성산구 사파동,4812354000,44689,3183,4600,6268,6161,7393,8976,5694,1594,722,97,1,22213,1612,2404,3441,3246,3452,4106,3024,732,182,14,0,22476,1571,2196,2827,2915,3941,4870,2670,862,540,83,1
경상남도 창원시 성산구 가음정동,4812355000,40373,3478,3914,5809,6118,6281,8135,4804,1231,522,80,1,20452,1758,2029,3269,3193,3041,3873,2558,577,142,11,1,19921,1720,1885,2540,2925,3240,4262,2246,654,380,69,0
경상남도 창원시 성산구 성주동,4812356000,26259,2105,2965,3947,3330,4145,5841,2990,638,258,40,0,13688,1101,1593,2220,1805,1968,2918,1678,336,65,4,0,12571,1004,1372,1727,1525,2177,2923,1312,302,193,36,0
경상남도 창원시 성산구 웅남동,4812357000,7768,413,733,991,891,1221,1400,1291,547,242,39,0,4065,210,392,600,532,636,709,624,266,86,10,0,3703,203,341,391,359,585,691,667,281,156,29,0
경상남도 창원시 마산합포구 ,4812500000,181226,13226,14262,18931,21317,26778,29478,31665,17003,7486,1064,16,90123,6840,7338,10464,11270,14142,14712,14948,7646,2553,207,3,91103,6386,6924,8467,10047,12636,14766,16717,9357,4933,857,13
경상남도 창원시 마산합포구 구산면,4812531000,4200,104,149,278,258,387,708,1191,707,347,71,0,2180,61,73,186,175,260,377,599,333,105,11,0,2020,43,76,92,83,127,331,592,374,242,60,0
경상남도 창원시 마산합포구 진동면,4812532000,12151,1049,1019,1053,1323,1987,1938,2116,1080,500,85,1,6250,567,516,584,711,1088,1049,1037,522,162,14,0,5901,482,503,469,612,899,889,1079,558,338,71,1
경상남도 창원시 마산합포구 진북면,4812533000,3373,54,130,246,189,288,655,897,533,310,70,1,1803,28,76,147,118,189,366,503,270,97,9,0,1570,26,54,99,71,99,289,394,263,213,61,1
경상남도 창원시 마산합포구 진전면,4812534000,3864,44,138,210,165,265,693,1011,721,520,95,2,1910,21,76,139,92,158,401,536,322,148,17,0,1954,23,62,71,73,107,292,475,399,372,78,2
경상남도 창원시 마산합포구 현동,4812551000,14114,2062,1274,1114,2273,2583,1892,1775,785,314,41,1,6990,1064,630,572,1099,1371,934,833,374,105,7,1,7124,998,644,542,1174,1212,958,942,411,209,34,0
경상남도 창원시 마산합포구 가포동,4812552000,1312,62,58,188,169,163,193,284,139,50,6,0,687,33,29,101,93,85,105,152,73,12,4,0,625,29,29,87,76,78,88,132,66,38,2,0
경상남도 창원시 마산합포구 월영동,4812553000,42361,4545,4077,5006,6324,6709,6645,5605,2454,869,125,2,21037,2326,2101,2792,3234,3335,3180,2608,1139,302,20,0,21324,2219,1976,2214,3090,3374,3465,2997,1315,567,105,2
경상남도 창원시 마산합포구 문화동,4812554000,11026,463,655,1708,1046,1354,1837,2103,1235,547,78,0,5465,234,322,971,558,741,899,974,561,192,13,0,5561,229,333,737,488,613,938,1129,674,355,65,0
경상남도 창원시 마산합포구 반월중앙동,4812556500,14489,801,1341,1496,1427,2198,2439,2500,1512,693,82,0,7051,429,690,834,764,1110,1182,1141,651,230,20,0,7438,372,651,662,663,1088,1257,1359,861,463,62,0
경상남도 창원시 마산합포구 완월동,4812557000,8997,363,698,1056,788,1198,1647,1835,892,469,50,1,4355,189,334,557,437,620,786,867,394,158,13,0,4642,174,364,499,351,578,861,968,498,311,37,1
경상남도 창원시 마산합포구 자산동,4812558000,10332,416,841,1118,863,1380,1887,2129,1176,475,46,1,5080,231,475,628,492,703,883,978,520,163,7,0,5252,185,366,490,371,677,1004,1151,656,312,39,1
경상남도 창원시 마산합포구 교방동,4812561000,16073,1213,1332,1521,2021,2421,2502,2770,1597,610,84,2,7966,615,698,824,1063,1273,1271,1306,682,216,17,1,8107,598,634,697,958,1148,1231,1464,915,394,67,1
경상남도 창원시 마산합포구 오동동,4812563000,19367,963,1168,1939,2177,2954,3192,3740,2148,963,122,1,9576,489,628,1025,1166,1616,1632,1719,926,347,28,0,9791,474,540,914,1011,1338,1560,2021,1222,616,94,1
경상남도 창원시 마산합포구 합포동,4812564000,7304,398,430,675,887,1070,1188,1426,790,388,49,3,3698,198,230,387,504,612,610,660,340,142,14,1,3606,200,200,288,383,458,578,766,450,246,35,2
경상남도 창원시 마산합포구 산호동,4812565000,12263,689,952,1323,1407,1821,2062,2283,1234,431,60,1,6075,355,460,717,764,981,1037,1035,539,174,13,0,6188,334,492,606,643,840,1025,1248,695,257,47,1
경상남도 창원시 마산회원구 ,4812700000,187245,12260,17602,21223,20406,29319,33734,31045,15223,5796,626,11,93813,6338,9188,11762,10822,14945,16794,14838,6926,2088,111,1,93432,5922,8414,9461,9584,14374,16940,16207,8297,3708,515,10
경상남도 창원시 마산회원구 내서읍,4812725000,63586,4608,7849,7996,6211,11129,12486,8135,3499,1524,147,2,31961,2382,4101,4474,3156,5342,6271,4149,1591,480,15,0,31625,2226,3748,3522,3055,5787,6215,3986,1908,1044,132,2
경상남도 창원시 마산회원구 회원1동,4812751000,10189,351,605,905,866,1327,1700,2310,1432,624,68,1,5041,193,315,515,520,735,863,1027,616,245,12,0,5148,158,290,390,346,592,837,1283,816,379,56,1
경상남도 창원시 마산회원구 회원2동,4812752000,10032,646,761,1081,1320,1369,1591,1834,1014,361,55,0,4959,338,413,555,696,729,784,859,454,121,10,0,5073,308,348,526,624,640,807,975,560,240,45,0
경상남도 창원시 마산회원구 석전동,4812754500,16889,1104,1196,1748,2250,2343,2814,3074,1706,595,59,0,8442,561,627,933,1226,1287,1383,1420,763,227,15,0,8447,543,569,815,1024,1056,1431,1654,943,368,44,0
경상남도 창원시 마산회원구 회성동,4812755000,6052,151,309,532,516,692,1107,1477,858,375,34,1,3074,79,158,313,308,396,571,724,366,147,12,0,2978,72,151,219,208,296,536,753,492,228,22,1
경상남도 창원시 마산회원구 양덕1동,4812756000,10990,536,815,1266,1231,1546,1891,2215,1082,366,42,0,5510,292,437,713,674,819,924,1012,504,129,6,0,5480,244,378,553,557,727,967,1203,578,237,36,0
경상남도 창원시 마산회원구 양덕2동,4812757000,31252,2998,3455,3237,3848,5547,5184,4446,1816,631,90,0,15425,1526,1798,1797,1898,2711,2475,2114,834,255,17,0,15827,1472,1657,1440,1950,2836,2709,2332,982,376,73,0
경상남도 창원시 마산회원구 합성1동,4812758000,9319,635,553,1107,1229,1308,1615,1660,866,312,30,4,4734,339,275,609,670,717,793,810,403,113,4,1,4585,296,278,498,559,591,822,850,463,199,26,3
경상남도 창원시 마산회원구 합성2동,4812759000,7475,235,447,908,717,1037,1365,1589,877,277,22,1,3742,122,235,485,422,557,702,710,409,96,4,0,3733,113,212,423,295,480,663,879,468,181,18,1
경상남도 창원시 마산회원구 구암1동,4812760000,8854,379,643,902,830,1172,1715,1926,914,334,39,0,4432,184,329,525,472,628,873,860,428,125,8,0,4422,195,314,377,358,544,842,1066,486,209,31,0
경상남도 창원시 마산회원구 구암2동,4812761000,9378,484,760,1233,1033,1341,1650,1746,827,278,26,0,4688,247,382,643,564,708,809,825,393,112,5,0,4690,237,378,590,469,633,841,921,434,166,21,0
경상남도 창원시 마산회원구 봉암동,4812762000,3229,133,209,308,355,508,616,633,332,119,14,2,1805,75,118,200,216,316,346,328,165,38,3,0,1424,58,91,108,139,192,270,305,167,81,11,2
경상남도 창원시 진해구 ,4812900000,194697,18299,21185,20848,25765,35751,29332,24974,12193,5635,704,11,99915,9566,10934,11929,13601,18765,15318,12137,5511,2012,140,2,94782,8733,10251,8919,12164,16986,14014,12837,6682,3623,564,9
경상남도 창원시 진해구 충무동,4812953000,16995,1365,1785,2182,2123,2858,2250,2178,1411,734,106,3,8821,697,887,1388,1198,1510,1227,1015,596,279,23,1,8174,668,898,794,925,1348,1023,1163,815,455,83,2
경상남도 창원시 진해구 여좌동,4812954000,8475,287,627,815,669,1114,1378,1586,1237,681,80,1,4186,170,338,500,382,577,701,712,520,268,18,0,4289,117,289,315,287,537,677,874,717,413,62,1
경상남도 창원시 진해구 태백동,4812955000,4262,162,253,405,316,525,717,909,620,313,41,1,2148,88,140,232,186,299,371,439,271,113,9,0,2114,74,113,173,130,226,346,470,349,200,32,1
경상남도 창원시 진해구 경화동,4812956000,11132,943,993,1131,1398,1715,1795,1824,905,388,40,0,5638,512,531,642,755,876,887,867,426,134,8,0,5494,431,462,489,643,839,908,957,479,254,32,0
경상남도 창원시 진해구 병암동,4812957000,7438,516,754,778,746,1197,1189,1199,671,349,39,0,3665,263,403,431,396,610,569,558,309,122,4,0,3773,253,351,347,350,587,620,641,362,227,35,0
경상남도 창원시 진해구 석동,4812958000,17519,1390,2406,2223,2050,3397,2811,2103,782,310,46,1,8995,716,1251,1264,1089,1640,1468,1070,366,118,13,0,8524,674,1155,959,961,1757,1343,1033,416,192,33,1
경상남도 창원시 진해구 이동,4812959000,8594,336,519,1073,985,1260,1486,1714,851,325,44,1,4542,184,276,653,603,741,753,814,403,111,4,0,4052,152,243,420,382,519,733,900,448,214,40,1
경상남도 창원시 진해구 자은동,4812960000,21258,2251,2265,2193,3015,3803,3421,2740,1045,468,56,1,10594,1142,1173,1196,1510,1933,1659,1353,472,142,14,0,10664,1109,1092,997,1505,1870,1762,1387,573,326,42,1
경상남도 창원시 진해구 덕산동,4812961000,10169,1010,1199,1194,1240,1697,1436,1347,686,327,32,1,5013,533,614,684,637,836,709,608,284,101,7,0,5156,477,585,510,603,861,727,739,402,226,25,1
경상남도 창원시 진해구 풍호동,4812962000,25718,3261,3315,2190,3571,5143,3480,3045,1155,506,51,1,12864,1735,1691,1210,1702,2586,1697,1497,533,206,7,0,12854,1526,1624,980,1869,2557,1783,1548,622,300,44,1
경상남도 창원시 진해구 웅천동,4812963000,12979,1780,1003,1243,2384,2169,1799,1526,667,368,39,1,6603,941,490,655,1205,1160,936,775,305,123,12,1,6376,839,513,588,1179,1009,863,751,362,245,27,0
경상남도 창원시 진해구 웅동1동,4812964000,6826,479,700,676,741,1161,1171,1060,511,281,46,0,3503,256,365,393,402,595,624,537,247,78,6,0,3323,223,335,283,339,566,547,523,264,203,40,0
경상남도 창원시 진해구 웅동2동,4812965000,43332,4519,5366,4745,6527,9712,6399,3743,1652,585,84,0,23343,2329,2775,2681,3536,5402,3717,1892,779,217,15,0,19989,2190,2591,2064,2991,4310,2682,1851,873,368,69,0
경상남도 진주시 ,4817000000,347380,26914,34705,44776,40835,53256,57259,48739,25825,13153,1861,57,171710,13944,18285,24559,21040,26517,28299,23234,11317,4161,344,10,175670,12970,16420,20217,19795,26739,28960,25505,14508,8992,1517,47
경상남도 진주시 문산읍,4817025000,8088,603,638,745,880,1010,1363,1455,817,483,92,2,4100,330,347,411,459,555,720,770,362,130,16,0,3988,273,291,334,421,455,643,685,455,353,76,2
경상남도 진주시 내동면,4817031000,4024,320,449,437,381,645,677,590,309,185,29,2,2017,179,236,231,179,321,350,309,151,55,6,0,2007,141,213,206,202,324,327,281,158,130,23,2
경상남도 진주시 정촌면,4817032000,8767,984,522,1075,1739,1210,1290,1159,475,263,48,2,4464,485,265,608,927,661,612,595,234,71,6,0,4303,499,257,467,812,549,678,564,241,192,42,2
경상남도 진주시 금곡면,4817033000,2189,35,101,136,120,176,354,499,397,310,59,2,1044,17,54,87,68,116,195,258,155,87,7,0,1145,18,47,49,52,60,159,241,242,223,52,2
경상남도 진주시 진성면,4817035000,1884,41,47,117,120,136,333,491,297,259,42,1,930,24,23,68,68,87,189,248,134,79,10,0,954,17,24,49,52,49,144,243,163,180,32,1
경상남도 진주시 일반성면,4817036000,2568,94,180,207,161,260,485,525,357,268,29,2,1255,48,96,124,83,146,259,276,149,66,6,2,1313,46,84,83,78,114,226,249,208,202,23,0
경상남도 진주시 이반성면,4817037000,1581,20,44,68,62,94,254,452,301,248,38,0,794,15,29,45,44,61,158,233,135,66,8,0,787,5,15,23,18,33,96,219,166,182,30,0
경상남도 진주시 사봉면,4817038000,1473,27,46,57,74,138,204,370,292,230,34,1,722,13,25,35,44,97,127,182,135,58,6,0,751,14,21,22,30,41,77,188,157,172,28,1
경상남도 진주시 지수면,4817039000,1427,37,69,100,60,130,236,313,248,195,38,1,712,16,29,65,36,85,138,164,120,52,7,0,715,21,40,35,24,45,98,149,128,143,31,1
경상남도 진주시 대곡면,4817040000,3192,53,122,193,155,245,562,754,558,477,71,2,1594,31,69,123,97,161,326,381,261,134,11,0,1598,22,53,70,58,84,236,373,297,343,60,2
경상남도 진주시 금산면,4817041000,20984,2038,2722,2280,2358,3652,3392,2620,1222,626,74,0,10533,1065,1458,1302,1202,1752,1677,1296,555,217,9,0,10451,973,1264,978,1156,1900,1715,1324,667,409,65,0
경상남도 진주시 집현면,4817042000,4666,212,405,407,357,617,877,861,547,333,50,0,2333,110,202,236,185,324,476,461,233,93,13,0,2333,102,203,171,172,293,401,400,314,240,37,0
경상남도 진주시 미천면,4817043000,1583,16,45,79,55,101,278,387,323,259,39,1,779,7,29,47,27,72,165,213,145,66,8,0,804,9,16,32,28,29,113,174,178,193,31,1
경상남도 진주시 명석면,4817044000,4004,121,181,321,226,400,752,1021,565,358,56,3,1966,64,88,172,127,224,386,522,251,120,11,1,2038,57,93,149,99,176,366,499,314,238,45,2
경상남도 진주시 대평면,4817045000,1040,21,43,88,44,89,178,259,155,138,23,2,500,11,19,53,26,52,98,139,65,33,4,0,540,10,24,35,18,37,80,120,90,105,19,2
경상남도 진주시 수곡면,4817046000,2195,48,87,139,96,201,385,559,335,307,36,2,1073,29,47,78,46,134,227,288,140,78,6,0,1122,19,40,61,50,67,158,271,195,229,30,2
경상남도 진주시 천전동,4817051500,27779,1469,2419,4320,2728,3848,4569,4254,2700,1305,161,6,13621,787,1337,2343,1477,1909,2207,1910,1150,460,39,2,14158,682,1082,1977,1251,1939,2362,2344,1550,845,122,4
경상남도 진주시 성북동,4817055500,10349,402,684,1402,1100,1475,1689,1892,1109,506,89,1,5106,209,364,729,609,796,843,867,487,181,21,0,5243,193,320,673,491,679,846,1025,622,325,68,1
경상남도 진주시 중앙동,4817056500,11064,306,633,1118,866,1293,1846,2461,1686,762,92,1,5337,166,355,611,499,726,969,1062,709,223,17,0,5727,140,278,507,367,567,877,1399,977,539,75,1
경상남도 진주시 상봉동,4817059500,13855,510,1019,1778,1221,1779,2545,2584,1615,701,101,2,6841,282,542,934,665,990,1295,1174,700,241,18,0,7014,228,477,844,556,789,1250,1410,915,460,83,2
경상남도 진주시 상대동,4817067300,19336,889,1555,2835,1959,2670,3530,3313,1810,707,66,2,9560,434,811,1543,1082,1375,1690,1508,824,279,14,0,9776,455,744,1292,877,1295,1840,1805,986,428,52,2
경상남도 진주시 하대동,4817067800,24205,1239,2362,3666,2450,3477,4889,3765,1621,652,81,3,12101,670,1285,2056,1335,1688,2337,1773,743,201,11,2,12104,569,1077,1610,1115,1789,2552,1992,878,451,70,1
경상남도 진주시 상평동,4817068000,11538,679,1010,1465,1346,1678,2026,1930,989,363,51,1,5854,335,487,819,733,904,1026,943,454,142,11,0,5684,344,523,646,613,774,1000,987,535,221,40,1
경상남도 진주시 초장동,4817069500,26849,3208,4011,3286,3573,5248,4187,2046,875,362,48,5,13592,1725,2274,1836,1648,2456,2115,1038,381,110,7,2,13257,1483,1737,1450,1925,2792,2072,1008,494,252,41,3
경상남도 진주시 평거동,4817071000,27461,1989,3376,4076,2959,4508,5129,3140,1386,769,127,2,13122,1001,1735,2189,1475,1971,2396,1522,558,250,25,0,14339,988,1641,1887,1484,2537,2733,1618,828,519,102,2
경상남도 진주시 신안동,4817071500,11605,617,1073,1561,1139,1572,2013,1994,1034,531,68,3,5487,322,554,812,589,751,920,857,454,214,14,0,6118,295,519,749,550,821,1093,1137,580,317,54,3
경상남도 진주시 이현동,4817072000,11920,630,1230,1497,1082,1715,2286,2025,989,402,60,4,5867,335,699,852,561,806,1076,942,464,120,11,1,6053,295,531,645,521,909,1210,1083,525,282,49,3
경상남도 진주시 판문동,4817073000,21023,2261,2981,2306,2337,4047,3271,2315,1004,446,54,1,10010,1145,1429,1234,1069,1891,1605,1088,410,129,10,0,11013,1116,1552,1072,1268,2156,1666,1227,594,317,44,1
경상남도 진주시 가호동,4817074000,27693,2383,2586,5604,4251,4102,4028,2873,1278,519,69,0,14043,1274,1338,3183,2307,1998,1936,1334,511,155,7,0,13650,1109,1248,2421,1944,2104,2092,1539,767,364,62,0
경상남도 진주시 충무공동,4817075000,33038,5662,4065,3413,6936,6740,3631,1832,531,189,36,3,16353,2815,2059,1733,3373,3408,1781,881,247,51,5,0,16685,2847,2006,1680,3563,3332,1850,951,284,138,31,3
경상남도 통영시 ,4822000000,125595,8639,12668,10557,12431,20826,21990,21427,11323,5053,668,13,63042,4351,6522,5895,6365,11169,11415,10430,5174,1595,125,1,62553,4288,6146,4662,6066,9657,10575,10997,6149,3458,543,12
경상남도 통영시 산양읍,4822025000,4568,100,206,277,285,512,901,1089,701,438,58,1,2404,42,112,164,172,321,533,599,329,124,8,0,2164,58,94,113,113,191,368,490,372,314,50,1
경상남도 통영시 용남면,4822031000,12405,1096,1453,1011,1307,2210,2114,1732,929,482,70,1,6213,530,737,545,641,1155,1121,880,421,165,18,0,6192,566,716,466,666,1055,993,852,508,317,52,1
경상남도 통영시 도산면,4822033000,2837,62,107,161,142,262,487,752,516,309,39,0,1453,34,56,103,82,172,285,368,256,90,7,0,1384,28,51,58,60,90,202,384,260,219,32,0
경상남도 통영시 광도면,4822034000,30997,3531,4094,2661,4287,6633,4618,3230,1329,535,79,0,15675,1791,2125,1425,2064,3490,2418,1577,613,158,14,0,15322,1740,1969,1236,2223,3143,2200,1653,716,377,65,0
경상남도 통영시 욕지면,4822035000,1972,43,89,108,95,250,416,479,298,179,15,0,1106,23,52,65,64,167,246,263,150,73,3,0,866,20,37,43,31,83,170,216,148,106,12,0
경상남도 통영시 한산면,4822036000,1955,29,55,71,72,160,315,490,433,298,31,1,1009,16,27,44,43,102,210,273,199,88,7,0,946,13,28,27,29,58,105,217,234,210,24,1
경상남도 통영시 사량면,4822037000,1446,21,27,56,64,107,287,403,258,189,34,0,713,9,13,35,45,64,168,216,110,48,5,0,733,12,14,21,19,43,119,187,148,141,29,0
경상남도 통영시 도천동,4822051000,8703,362,788,835,645,1224,1601,1726,1055,415,52,0,4320,177,373,492,342,679,830,828,463,132,4,0,4383,185,415,343,303,545,771,898,592,283,48,0
경상남도 통영시 명정동,4822053000,2845,88,157,197,154,329,535,677,471,205,30,2,1387,38,70,112,89,190,299,322,188,72,7,0,1458,50,87,85,65,139,236,355,283,133,23,2
경상남도 통영시 중앙동,4822055000,3858,103,198,255,251,481,755,948,574,273,20,0,1924,46,98,160,143,302,385,454,241,89,6,0,1934,57,100,95,108,179,370,494,333,184,14,0
경상남도 통영시 정량동,4822059000,8761,414,617,657,763,1256,1765,1858,1005,379,44,3,4445,204,318,373,431,742,909,852,477,131,8,0,4316,210,299,284,332,514,856,1006,528,248,36,3
경상남도 통영시 북신동,4822060000,10382,657,957,901,995,1541,1734,2102,1065,369,60,1,4967,342,496,508,512,785,771,910,502,130,11,0,5415,315,461,393,483,756,963,1192,563,239,49,1
경상남도 통영시 미수동,4822066500,11035,732,1394,956,994,1886,2033,1936,772,294,37,1,5412,377,720,522,482,952,994,953,336,71,5,0,5623,355,674,434,512,934,1039,983,436,223,32,1
경상남도 통영시 봉평동,4822067000,10136,419,942,893,881,1450,1961,1990,1091,443,65,1,5201,198,495,529,490,805,1049,986,485,145,18,1,4935,221,447,364,391,645,912,1004,606,298,47,0
경상남도 통영시 무전동,4822070000,13695,982,1584,1518,1496,2525,2468,2015,826,245,34,2,6813,524,830,818,765,1243,1197,949,404,79,4,0,6882,458,754,700,731,1282,1271,1066,422,166,30,2
경상남도 사천시 ,4824000000,110044,7703,10118,10354,11169,17377,18310,17294,10767,6051,877,24,55498,3982,5215,6205,6074,9166,9762,8394,4647,1909,137,7,54546,3721,4903,4149,5095,8211,8548,8900,6120,4142,740,17
경상남도 사천시 사천읍,4824025000,17706,1285,1784,2206,2221,3093,3062,2137,1145,671,96,6,9245,670,890,1293,1294,1673,1629,1072,496,214,13,1,8461,615,894,913,927,1420,1433,1065,649,457,83,5
경상남도 사천시 정동면,4824031000,13642,1412,1574,1510,1929,2458,2103,1374,745,444,91,2,6848,720,824,857,1007,1204,1099,674,318,131,14,0,6794,692,750,653,922,1254,1004,700,427,313,77,2
경상남도 사천시 사남면,4824032000,15338,1824,2049,1467,2144,3121,1955,1400,839,465,74,0,7983,969,1017,931,1140,1625,1113,682,350,143,13,0,7355,855,1032,536,1004,1496,842,718,489,322,61,0
경상남도 사천시 용현면,4824033000,7394,583,642,488,736,1224,1147,1268,787,441,76,2,3706,271,348,287,378,688,607,605,359,150,12,1,3688,312,294,201,358,536,540,663,428,291,64,1
경상남도 사천시 축동면,4824034000,1556,32,43,99,83,138,266,407,252,210,26,0,804,17,24,57,52,84,165,222,114,63,6,0,752,15,19,42,31,54,101,185,138,147,20,0
경상남도 사천시 곤양면,4824035000,3354,78,144,238,167,312,571,794,591,398,57,4,1720,49,76,154,100,186,325,416,270,131,12,1,1634,29,68,84,67,126,246,378,321,267,45,3
경상남도 사천시 곤명면,4824036000,2770,65,77,137,117,244,506,679,518,380,45,2,1388,35,51,94,67,158,298,343,219,114,8,1,1382,30,26,43,50,86,208,336,299,266,37,1
경상남도 사천시 서포면,4824037000,3447,65,131,206,149,299,632,806,625,458,74,2,1687,34,62,137,83,178,371,398,280,132,11,1,1760,31,69,69,66,121,261,408,345,326,63,1
경상남도 사천시 동서동,4824051000,5877,159,272,357,374,637,997,1458,1068,491,63,1,2882,85,143,213,235,385,540,662,449,161,9,0,2995,74,129,144,139,252,457,796,619,330,54,1
경상남도 사천시 선구동,4824052000,4886,202,281,411,394,617,917,1024,659,341,40,0,2424,103,150,267,231,343,463,475,277,108,7,0,2462,99,131,144,163,274,454,549,382,233,33,0
경상남도 사천시 동서금동,4824053000,6319,420,487,490,620,952,1094,1149,757,319,29,2,3076,205,267,286,319,494,556,524,313,106,6,0,3243,215,220,204,301,458,538,625,444,213,23,2
경상남도 사천시 벌용동,4824055000,15651,1003,1629,1643,1324,2491,2927,2503,1388,672,70,1,7597,527,825,942,673,1174,1459,1188,593,208,7,1,8054,476,804,701,651,1317,1468,1315,795,464,63,0
경상남도 사천시 향촌동,4824057000,6723,296,616,704,499,1107,1243,1178,677,345,58,0,3495,149,337,432,286,591,688,591,291,121,9,0,3228,147,279,272,213,516,555,587,386,224,49,0
경상남도 사천시 남양동,4824059500,5128,277,382,388,401,656,853,1050,655,388,76,2,2516,147,196,248,204,360,426,510,294,121,9,1,2612,130,186,140,197,296,427,540,361,267,67,1
경상남도 사천시 신수출장소,4824089000,253,2,7,10,11,28,37,67,61,28,2,0,127,1,5,7,5,23,23,32,24,6,1,0,126,1,2,3,6,5,14,35,37,22,1,0
경상남도 사천남양출장소 ,4824500000,0,0,0,0,0,0,0,0,0,0,0,0,0,0,0,0,0,0,0,0,0,0,0,0,0,0,0,0,0,0,0,0,0,0,0,0
경상남도 김해시 ,4825000000,538286,46116,60186,66967,66599,96128,98650,62909,27092,12120,1489,30,272256,23589,31157,36551,34420,47808,50558,32129,11972,3805,262,5,266030,22527,29029,30416,32179,48320,48092,30780,15120,8315,1227,25
경상남도 김해시 진영읍,4825025000,55709,6156,6230,5203,8256,10952,8470,6334,2699,1245,160,4,28684,3190,3219,2908,4253,5841,4447,3158,1234,410,24,0,27025,2966,3011,2295,4003,5111,4023,3176,1465,835,136,4
경상남도 김해시 주촌면,4825032000,18648,2885,1289,2038,4002,3089,2848,1665,520,280,32,0,9544,1460,661,1041,2027,1645,1419,941,266,77,7,0,9104,1425,628,997,1975,1444,1429,724,254,203,25,0
경상남도 김해시 진례면,4825033000,6415,199,307,551,508,777,1378,1458,751,410,76,0,3515,112,166,357,296,484,808,786,345,150,11,0,2900,87,141,194,212,293,570,672,406,260,65,0
경상남도 김해시 한림면,4825034000,7323,169,280,554,543,682,1509,1883,1011,612,79,1,3995,91,160,352,352,451,872,1032,497,180,8,0,3328,78,120,202,191,231,637,851,514,432,71,1
경상남도 김해시 생림면,4825035000,3818,83,114,297,242,347,787,1020,588,305,35,0,2035,53,63,177,147,211,448,549,278,105,4,0,1783,30,51,120,95,136,339,471,310,200,31,0
경상남도 김해시 상동면,4825036000,3153,82,131,259,234,319,706,834,383,170,32,3,1745,51,68,154,151,198,405,459,196,59,4,0,1408,31,63,105,83,121,301,375,187,111,28,3
경상남도 김해시 대동면,4825037000,5633,127,210,344,352,506,988,1658,927,445,74,2,2925,63,118,212,212,299,532,872,456,145,16,0,2708,64,92,132,140,207,456,786,471,300,58,2
경상남도 김해시 동상동,4825051000,9680,522,637,1308,1190,1319,1929,1684,739,316,35,1,4954,274,315,712,681,674,996,866,329,100,6,1,4726,248,322,596,509,645,933,818,410,216,29,0
경상남도 김해시 회현동,4825052000,8976,572,535,1006,1150,1160,1659,1607,882,355,49,1,4475,303,281,552,583,615,821,800,377,134,9,0,4501,269,254,454,567,545,838,807,505,221,40,1
경상남도 김해시 부원동,4825053000,9850,546,616,1359,1184,1337,2078,1670,743,289,27,1,5027,283,320,746,642,717,1047,825,338,105,4,0,4823,263,296,613,542,620,1031,845,405,184,23,1
경상남도 김해시 내외동,4825054000,73242,4468,7247,11953,8441,11239,16215,8656,3244,1614,160,5,36516,2331,3757,6494,4468,5282,7865,4535,1310,445,28,1,36726,2137,3490,5459,3973,5957,8350,4121,1934,1169,132,4
경상남도 김해시 북부동,4825055000,80076,6891,10294,10635,9184,14895,15262,8099,3228,1414,172,2,40086,3533,5390,5787,4652,7064,7722,4106,1370,428,34,0,39990,3358,4904,4848,4532,7831,7540,3993,1858,986,138,2
경상남도 김해시 칠산서부동,4825056500,9500,512,704,1191,954,1296,1965,1730,774,340,33,1,5049,282,365,678,545,709,1067,918,361,119,5,0,4451,230,339,513,409,587,898,812,413,221,28,1
경상남도 김해시 활천동,4825058000,39967,2355,3735,5856,4204,6091,8679,5703,2304,937,102,1,20344,1233,1949,3174,2309,3089,4329,2953,1009,279,20,0,19623,1122,1786,2682,1895,3002,4350,2750,1295,658,82,1
경상남도 김해시 삼안동,4825059000,32642,1396,2869,5532,2902,4621,7392,4930,1963,930,105,2,16701,718,1511,3091,1623,2324,3668,2619,844,282,20,1,15941,678,1358,2441,1279,2297,3724,2311,1119,648,85,1
경상남도 김해시 불암동,4825060000,7533,457,737,974,745,1156,1559,1182,499,199,25,0,3840,246,362,542,402,577,791,616,227,70,7,0,3693,211,375,432,343,579,768,566,272,129,18,0
경상남도 김해시 장유1동,4825061000,56838,5012,7895,6961,6738,11763,9863,5025,2422,1037,119,3,28317,2453,4073,3716,3405,5659,5193,2410,1041,340,26,1,28521,2559,3822,3245,3333,6104,4670,2615,1381,697,93,2
경상남도 김해시 장유2동,4825062000,36285,3358,5096,4348,4320,7632,6357,3119,1423,544,87,1,18278,1697,2621,2412,2216,3685,3353,1519,587,172,15,1,18007,1661,2475,1936,2104,3947,3004,1600,836,372,72,0
경상남도 김해시 장유3동,4825063000,72998,10326,11260,6598,11450,16947,9006,4652,1992,678,87,2,36226,5216,5758,3446,5456,8284,4775,2165,907,205,14,0,36772,5110,5502,3152,5994,8663,4231,2487,1085,473,73,2
경상남도 장유출장소 ,4825200000,0,0,0,0,0,0,0,0,0,0,0,0,0,0,0,0,0,0,0,0,0,0,0,0,0,0,0,0,0,0,0,0,0,0,0,0
경상남도 밀양시 ,4827000000,103636,5283,7501,8668,8456,12625,18262,21900,12836,7151,928,26,50910,2713,3918,5067,4452,6679,9257,10776,5691,2174,178,5,52726,2570,3583,3601,4004,5946,9005,11124,7145,4977,750,21
경상남도 밀양시 삼랑진읍,4827025000,5265,127,224,303,304,490,937,1419,915,474,69,3,2633,71,117,191,176,296,487,716,418,149,11,1,2632,56,107,112,128,194,450,703,497,325,58,2
경상남도 밀양시 삼랑진임천출장소,4827025100,1266,13,50,123,64,97,212,321,228,135,23,0,634,6,26,71,37,68,121,156,104,41,4,0,632,7,24,52,27,29,91,165,124,94,19,0
경상남도 밀양시 하남읍,4827025300,7026,249,391,471,434,723,1301,1664,1087,624,78,4,3518,140,209,287,253,428,699,814,488,188,12,0,3508,109,182,184,181,295,602,850,599,436,66,4
경상남도 밀양시 부북면,4827031000,5075,111,220,336,313,464,927,1348,769,513,71,3,2630,66,119,229,192,272,523,704,347,162,16,0,2445,45,101,107,121,192,404,644,422,351,55,3
경상남도 밀양시 상동면,4827032000,3050,49,82,139,143,191,516,961,575,340,54,0,1464,25,39,86,85,120,259,468,280,89,13,0,1586,24,43,53,58,71,257,493,295,251,41,0
경상남도 밀양시 산외면,4827033000,2788,52,107,172,132,259,526,756,478,270,33,3,1424,32,61,110,74,159,282,388,231,82,4,1,1364,20,46,62,58,100,244,368,247,188,29,2
경상남도 밀양시 산내면,4827034000,3813,78,171,200,150,326,701,1093,678,360,55,1,1948,44,87,126,90,204,384,567,333,105,8,0,1865,34,84,74,60,122,317,526,345,255,47,1
경상남도 밀양시 단장면,4827035000,4282,68,152,183,256,303,836,1317,726,386,53,2,2127,37,86,123,137,180,418,674,345,119,7,1,2155,31,66,60,119,123,418,643,381,267,46,1
경상남도 밀양시 상남면,4827036000,8279,407,499,641,593,966,1453,1837,1127,663,92,1,4130,204,248,403,317,553,749,938,499,199,20,0,4149,203,251,238,276,413,704,899,628,464,72,1
경상남도 밀양시 초동면,4827037000,3369,79,113,159,160,281,567,937,649,389,33,2,1667,38,64,91,97,181,302,459,302,128,4,1,1702,41,49,68,63,100,265,478,347,261,29,1
경상남도 밀양시 무안면,4827038000,4894,91,244,283,230,357,822,1317,856,620,71,3,2389,49,137,162,133,194,450,671,389,189,14,1,2505,42,107,121,97,163,372,646,467,431,57,2
경상남도 밀양시 청도면,4827039000,1777,35,48,90,61,123,264,513,357,252,34,0,855,15,25,56,36,78,119,277,164,78,7,0,922,20,23,34,25,45,145,236,193,174,27,0
경상남도 밀양시 내일동,4827051000,2619,59,147,205,187,292,487,593,415,216,18,0,1270,29,78,139,91,157,246,282,176,69,3,0,1349,30,69,66,96,135,241,311,239,147,15,0
경상남도 밀양시 내이동,4827052000,16305,1337,1387,1906,2150,2469,2840,2511,1130,481,92,2,8072,659,721,1074,1121,1260,1423,1183,466,142,23,0,8233,678,666,832,1029,1209,1417,1328,664,339,69,2
경상남도 밀양시 삼문동,4827053000,20121,1845,2541,2069,2039,3401,3348,2719,1392,688,78,1,9646,958,1347,1151,972,1601,1569,1246,572,214,16,0,10475,887,1194,918,1067,1800,1779,1473,820,474,62,1
경상남도 밀양시 가곡동,4827054000,7853,373,587,750,671,1034,1396,1514,940,531,57,0,3659,194,291,395,355,501,683,718,351,158,13,0,4194,179,296,355,316,533,713,796,589,373,44,0
경상남도 밀양시 교동,4827055000,5854,310,538,638,569,849,1129,1080,514,209,17,1,2844,146,263,373,286,427,543,515,226,62,3,0,3010,164,275,265,283,422,586,565,288,147,14,1
경상남도 거제시 ,4831000000,241576,24333,27944,22947,33189,47194,39942,28693,11297,5178,834,25,126496,12596,14568,13021,17297,25527,21651,14662,5423,1621,123,7,115080,11737,13376,9926,15892,21667,18291,14031,5874,3557,711,18
경상남도 거제시 일운면,4831031000,8104,556,624,651,832,1243,1617,1535,639,350,56,1,4139,284,324,380,422,654,860,791,309,107,7,1,3965,272,300,271,410,589,757,744,330,243,49,0
경상남도 거제시 동부면,4831032000,3076,74,121,208,201,328,604,758,489,253,39,1,1589,43,69,114,126,204,329,373,233,92,5,1,1487,31,52,94,75,124,275,385,256,161,34,0
경상남도 거제시 남부면,4831033000,1568,27,60,77,83,147,320,398,276,155,25,0,797,14,33,48,48,89,188,213,114,46,4,0,771,13,27,29,35,58,132,185,162,109,21,0
경상남도 거제시 거제면,4831034000,7250,370,590,539,572,978,1294,1453,847,507,97,3,3596,195,292,301,297,541,662,750,386,163,8,1,3654,175,298,238,275,437,632,703,461,344,89,2
경상남도 거제시 둔덕면,4831035000,2849,52,137,206,133,286,538,719,463,266,46,3,1478,28,79,133,83,171,292,374,225,83,10,0,1371,24,58,73,50,115,246,345,238,183,36,3
경상남도 거제시 사등면,4831036000,11851,1272,1144,886,1584,2206,1899,1593,820,391,54,2,6157,648,592,507,798,1230,1035,819,406,111,11,0,5694,624,552,379,786,976,864,774,414,280,43,2
경상남도 거제시 사등면가조출장소,4831036600,1089,30,43,58,72,108,222,309,162,72,13,0,555,16,26,35,45,61,121,157,75,14,5,0,534,14,17,23,27,47,101,152,87,58,8,0
경상남도 거제시 연초면,4831037000,8054,437,637,714,809,1307,1680,1449,624,336,61,0,4452,237,347,426,471,785,979,775,315,104,13,0,3602,200,290,288,338,522,701,674,309,232,48,0
경상남도 거제시 하청면,4831038000,3501,164,256,276,279,428,644,731,429,245,48,1,1806,85,143,137,158,254,353,364,221,87,4,0,1695,79,113,139,121,174,291,367,208,158,44,1
경상남도 거제시 하청면칠천출장소,4831038500,1059,28,25,46,56,105,189,270,208,109,23,0,535,17,13,25,30,68,117,140,92,32,1,0,524,11,12,21,26,37,72,130,116,77,22,0
경상남도 거제시 장목면,4831039000,3092,64,102,184,166,361,553,738,541,329,50,4,1582,38,58,113,100,234,311,377,245,98,7,1,1510,26,44,71,66,127,242,361,296,231,43,3
경상남도 거제시 장목면외포출장소,4831039500,1374,44,69,66,95,170,260,327,197,125,21,0,686,24,33,39,50,99,152,170,76,41,2,0,688,20,36,27,45,71,108,157,121,84,19,0
경상남도 거제시 장승포동,4831051000,5956,355,611,625,597,1128,1200,887,363,170,19,1,3293,192,324,361,365,664,702,474,163,46,2,0,2663,163,287,264,232,464,498,413,200,124,17,1
경상남도 거제시 능포동,4831053000,9165,473,920,929,819,1559,1876,1701,633,225,29,1,4942,269,494,533,457,876,1038,877,314,78,5,1,4223,204,426,396,362,683,838,824,319,147,24,0
경상남도 거제시 아주동,4831054000,26940,4190,3594,2234,5361,6264,3079,1608,424,160,26,0,14419,2171,1850,1252,2802,3522,1748,823,209,38,4,0,12521,2019,1744,982,2559,2742,1331,785,215,122,22,0
경상남도 거제시 옥포1동,4831055000,7297,565,674,795,1011,1332,1370,1093,337,106,14,0,3936,297,364,483,555,769,736,539,163,28,2,0,3361,268,310,312,456,563,634,554,174,78,12,0
경상남도 거제시 옥포2동,4831056000,25940,2269,2980,2758,3310,4922,4845,3528,938,341,47,2,13487,1151,1595,1534,1715,2633,2468,1803,473,112,3,0,12453,1118,1385,1224,1595,2289,2377,1725,465,229,44,2
경상남도 거제시 장평동,4831057000,20773,1566,2202,2714,3212,4323,4062,1999,497,167,29,2,11778,827,1166,1631,1988,2525,2317,1015,257,47,5,0,8995,739,1036,1083,1224,1798,1745,984,240,120,24,2
경상남도 거제시 고현동,4831058000,34468,3094,4196,3900,4542,6743,6048,4149,1282,446,67,1,17732,1624,2160,2194,2349,3452,3108,2076,604,151,13,1,16736,1470,2036,1706,2193,3291,2940,2073,678,295,54,0
경상남도 거제시 상문동,4831059000,34424,5342,5153,2912,6072,7737,4365,1945,641,214,42,1,17440,2685,2617,1561,2908,3986,2327,969,307,75,5,0,16984,2657,2536,1351,3164,3751,2038,976,334,139,37,1
경상남도 거제시 수양동,4831060000,23746,3361,3806,2169,3383,5519,3277,1503,487,211,28,2,12097,1751,1989,1214,1530,2710,1808,783,236,68,7,1,11649,1610,1817,955,1853,2809,1469,720,251,143,21,1
경상남도 양산시 ,4833000000,354071,32943,34560,39452,47395,61350,59405,46348,21922,9482,1186,28,177478,16870,17638,21215,24370,31252,29900,22720,9929,3326,254,4,176593,16073,16922,18237,23025,30098,29505,23628,11993,6156,932,24
경상남도 양산시 물금읍,4833025300,120795,15361,13065,13683,20298,22721,17137,11760,4674,1846,246,4,59679,7828,6637,6810,10026,11446,8386,5713,2185,604,44,0,61116,7533,6428,6873,10272,11275,8751,6047,2489,1242,202,4
경상남도 양산시 동면,4833031000,36182,4721,3031,3264,6269,6765,4968,4437,1944,685,97,1,18380,2450,1538,1769,3166,3633,2487,2115,959,245,18,0,17802,2271,1493,1495,3103,3132,2481,2322,985,440,79,1
경상남도 양산시 원동면,4833032000,3360,76,110,150,181,270,589,983,630,325,45,1,1732,41,54,94,112,160,320,511,318,111,11,0,1628,35,56,56,69,110,269,472,312,214,34,1
경상남도 양산시 상북면,4833033000,12656,478,792,1212,1053,1516,2668,2793,1389,649,103,3,6460,251,391,721,616,793,1392,1445,602,222,27,0,6196,227,401,491,437,723,1276,1348,787,427,76,3
경상남도 양산시 하북면,4833034000,8057,159,455,754,554,866,1801,1962,943,473,87,3,4199,86,234,465,321,468,939,1061,456,150,19,0,3858,73,221,289,233,398,862,901,487,323,68,3
경상남도 양산시 중앙동,4833051000,11488,446,580,1381,1287,1425,2397,2431,1043,444,54,0,6084,230,321,818,764,800,1260,1228,482,164,17,0,5404,216,259,563,523,625,1137,1203,561,280,37,0
경상남도 양산시 양주동,4833051500,32949,2333,4052,4472,3158,5854,6296,3695,2095,905,88,1,15923,1187,2123,2368,1544,2658,3060,1728,880,358,16,1,17026,1146,1929,2104,1614,3196,3236,1967,1215,547,72,0
경상남도 양산시 삼성동,4833052000,21900,1285,1709,3014,2948,3372,4506,3250,1193,542,79,2,11507,662,875,1805,1712,1810,2205,1718,542,161,17,0,10393,623,834,1209,1236,1562,2301,1532,651,381,62,2
경상남도 양산시 강서동,4833053000,8915,675,1010,1002,1020,1623,1522,1233,554,241,35,0,4470,326,468,529,568,828,786,621,266,75,3,0,4445,349,542,473,452,795,736,612,288,166,32,0
경상남도 양산시 서창동,4833054000,28488,2152,3290,3147,3144,5318,5083,3797,1775,695,81,6,14893,1105,1702,1793,1705,2815,2766,1904,827,259,15,2,13595,1047,1588,1354,1439,2503,2317,1893,948,436,66,4
경상남도 양산시 소주동,4833055000,20401,1328,1778,2198,2168,3382,3903,3155,1614,797,76,2,10206,691,902,1232,1129,1717,2009,1537,700,268,21,0,10195,637,876,966,1039,1665,1894,1618,914,529,55,2
경상남도 양산시 평산동,4833056000,30636,2266,3137,3164,2918,5332,5266,4304,2815,1305,126,3,14918,1167,1591,1720,1461,2701,2678,1904,1166,498,31,1,15718,1099,1546,1444,1457,2631,2588,2400,1649,807,95,2
경상남도 양산시 덕계동,4833057000,18244,1663,1551,2011,2397,2906,3269,2548,1253,575,69,2,9027,846,802,1091,1246,1423,1612,1235,546,211,15,0,9217,817,749,920,1151,1483,1657,1313,707,364,54,2
경상남도 양산시웅상출장소 ,4833200000,0,0,0,0,0,0,0,0,0,0,0,0,0,0,0,0,0,0,0,0,0,0,0,0,0,0,0,0,0,0,0,0,0,0,0,0
경상남도 의령군 ,4872000000,26330,999,1458,1832,1630,2693,4486,5786,3814,3126,500,6,12979,521,766,1065,875,1533,2510,3084,1620,901,103,1,13351,478,692,767,755,1160,1976,2702,2194,2225,397,5
경상남도 의령군 의령읍,4872025000,9468,659,885,950,893,1461,1629,1519,859,541,71,1,4690,347,460,522,428,757,894,741,373,151,17,0,4778,312,425,428,465,704,735,778,486,390,54,1
경상남도 의령군 가례면,4872031000,1681,27,47,90,87,116,308,447,277,237,43,2,836,13,24,49,53,76,179,256,116,60,10,0,845,14,23,41,34,40,129,191,161,177,33,2
경상남도 의령군 칠곡면,4872032000,1155,11,29,70,55,77,210,313,202,157,31,0,570,7,16,47,39,46,109,162,87,50,7,0,585,4,13,23,16,31,101,151,115,107,24,0
경상남도 의령군 대의면,4872033000,1018,33,28,59,45,60,172,252,177,164,28,0,492,13,17,38,25,41,101,134,75,43,5,0,526,20,11,21,20,19,71,118,102,121,23,0
경상남도 의령군 화정면,4872034000,1505,28,54,95,62,120,274,374,248,219,31,0,746,16,26,66,32,68,156,210,96,70,6,0,759,12,28,29,30,52,118,164,152,149,25,0
경상남도 의령군 용덕면,4872035000,1506,32,55,79,83,124,273,376,229,216,39,0,752,17,24,42,53,78,153,214,101,63,7,0,754,15,31,37,30,46,120,162,128,153,32,0
경상남도 의령군 정곡면,4872036000,1430,34,37,81,51,108,241,363,249,223,43,0,694,17,14,48,29,67,146,196,103,58,16,0,736,17,23,33,22,41,95,167,146,165,27,0
경상남도 의령군 지정면,4872037000,1809,32,53,96,66,133,305,493,333,266,32,0,925,17,32,58,35,82,165,286,158,86,6,0,884,15,21,38,31,51,140,207,175,180,26,0
경상남도 의령군 낙서면,4872038000,737,17,28,26,31,44,103,218,135,118,16,1,349,9,18,16,22,29,56,110,55,32,2,0,388,8,10,10,9,15,47,108,80,86,14,1
경상남도 의령군 부림면,4872039000,2773,75,147,189,132,252,493,597,482,349,57,0,1333,35,78,114,81,157,275,293,204,91,5,0,1440,40,69,75,51,95,218,304,278,258,52,0
경상남도 의령군 봉수면,4872040000,990,28,41,35,54,61,138,234,204,168,27,0,523,19,28,24,37,48,76,149,84,53,5,0,467,9,13,11,17,13,62,85,120,115,22,0
경상남도 의령군 궁류면,4872041500,1115,9,26,32,32,53,169,294,212,246,42,0,519,5,16,24,14,30,98,163,81,82,6,0,596,4,10,8,18,23,71,131,131,164,36,0
경상남도 의령군 유곡면,4872042000,1143,14,28,30,39,84,171,306,207,222,40,2,550,6,13,17,27,54,102,170,87,62,11,1,593,8,15,13,12,30,69,136,120,160,29,1
경상남도 함안군 ,4873000000,62663,3619,5778,5086,5064,8890,11017,11702,6628,4254,613,12,31882,1840,3051,3000,2602,4795,6067,6136,2980,1299,109,3,30781,1779,2727,2086,2462,4095,4950,5566,3648,2955,504,9
경상남도 함안군 가야읍,4873025000,18193,1149,1932,1924,1703,2713,3356,2930,1468,884,130,4,9162,602,1043,1128,871,1394,1762,1449,619,265,29,0,9031,547,889,796,832,1319,1594,1481,849,619,101,4
경상남도 함안군 칠원읍,4873025300,19066,1684,2646,1519,1785,3686,3157,2635,1255,601,94,4,9677,836,1371,850,838,1869,1742,1368,594,188,20,1,9389,848,1275,669,947,1817,1415,1267,661,413,74,3
경상남도 함안군 함안면,4873031000,2383,58,102,133,143,201,401,619,385,302,39,0,1202,28,53,81,75,118,228,332,178,102,7,0,1181,30,49,52,68,83,173,287,207,200,32,0
경상남도 함안군 군북면,4873032000,6090,281,287,443,513,558,969,1380,868,693,96,2,3173,137,155,294,297,353,570,752,393,204,16,2,2917,144,132,149,216,205,399,628,475,489,80,0
경상남도 함안군 법수면,4873033000,2818,64,72,149,133,249,518,761,488,337,47,0,1449,36,41,94,85,169,312,397,207,97,11,0,1369,28,31,55,48,80,206,364,281,240,36,0
경상남도 함안군 대산면,4873034000,3362,48,135,189,139,280,551,832,649,465,74,0,1679,27,75,115,80,177,319,444,283,147,12,0,1683,21,60,74,59,103,232,388,366,318,62,0
경상남도 함안군 칠서면,4873035000,5273,246,415,410,375,730,1064,1004,614,363,51,1,2760,132,212,239,207,419,602,559,278,107,5,0,2513,114,203,171,168,311,462,445,336,256,46,1
경상남도 함안군 칠북면,4873036000,1893,18,60,93,78,153,327,522,362,256,23,1,968,7,29,55,46,97,190,286,162,91,5,0,925,11,31,38,32,56,137,236,200,165,18,1
경상남도 함안군 산인면,4873038000,2693,57,108,181,153,258,523,740,378,255,40,0,1358,28,59,120,83,156,258,397,185,69,3,0,1335,29,49,61,70,102,265,343,193,186,37,0
경상남도 함안군 여항면,4873039000,892,14,21,45,42,62,151,279,161,98,19,0,454,7,13,24,20,43,84,152,81,29,1,0,438,7,8,21,22,19,67,127,80,69,18,0
경상남도 창녕군 ,4874000000,60147,2890,4029,4473,4720,6862,10595,12735,7969,5161,698,15,29942,1509,2147,2583,2590,3819,5714,6381,3515,1559,124,1,30205,1381,1882,1890,2130,3043,4881,6354,4454,3602,574,14
경상남도 창녕군 창녕읍,4874025000,16707,1187,1520,1621,1751,2281,2852,2849,1595,915,135,1,8277,626,783,894,913,1198,1486,1361,702,284,30,0,8430,561,737,727,838,1083,1366,1488,893,631,105,1
경상남도 창녕군 남지읍,4874025300,11965,841,961,851,1077,1702,2081,2279,1312,756,105,0,6011,434,524,467,569,950,1132,1109,572,233,21,0,5954,407,437,384,508,752,949,1170,740,523,84,0
경상남도 창녕군 고암면,4874031000,1923,58,111,99,116,123,315,429,354,272,45,1,956,27,71,58,59,75,173,248,156,83,6,0,967,31,40,41,57,48,142,181,198,189,39,1
경상남도 창녕군 성산면,4874032000,1589,39,26,88,88,110,289,423,276,222,28,0,747,17,18,49,47,69,146,217,126,53,5,0,842,22,8,39,41,41,143,206,150,169,23,0
경상남도 창녕군 대합면,4874033000,3846,86,179,258,239,355,715,861,644,453,56,0,1979,42,117,170,132,210,430,453,277,138,10,0,1867,44,62,88,107,145,285,408,367,315,46,0
경상남도 창녕군 이방면,4874034000,2475,70,249,111,129,186,380,588,394,340,27,1,1156,42,89,65,79,114,194,291,182,93,7,0,1319,28,160,46,50,72,186,297,212,247,20,1
경상남도 창녕군 유어면,4874035000,1759,40,50,89,96,124,273,440,370,242,34,1,862,26,25,53,70,68,162,226,153,72,7,0,897,14,25,36,26,56,111,214,217,170,27,1
경상남도 창녕군 대지면,4874036000,2536,117,169,190,184,285,436,515,362,238,35,5,1318,61,104,122,101,169,264,260,155,76,6,0,1218,56,65,68,83,116,172,255,207,162,29,5
경상남도 창녕군 계성면,4874037000,2330,55,79,154,121,211,460,551,384,277,36,2,1178,31,42,102,75,124,264,288,156,95,1,0,1152,24,37,52,46,87,196,263,228,182,35,2
경상남도 창녕군 영산면,4874038000,5405,172,333,446,386,622,1050,1212,722,410,51,1,2728,84,183,271,227,350,552,615,319,119,7,1,2677,88,150,175,159,272,498,597,403,291,44,0
경상남도 창녕군 장마면,4874039000,1844,35,60,85,97,141,316,449,361,264,36,0,912,20,41,53,56,91,175,231,159,77,9,0,932,15,19,32,41,50,141,218,202,187,27,0
경상남도 창녕군 도천면,4874040000,2723,83,129,195,160,284,487,687,393,263,40,2,1336,42,62,105,100,156,262,345,178,79,7,0,1387,41,67,90,60,128,225,342,215,184,33,2
경상남도 창녕군 길곡면,4874041000,1499,26,49,71,70,124,273,434,260,164,28,0,751,16,27,49,44,77,125,233,131,46,3,0,748,10,22,22,26,47,148,201,129,118,25,0
경상남도 창녕군 부곡면,4874042000,3546,81,114,215,206,314,668,1018,542,345,42,1,1731,41,61,125,118,168,349,504,249,111,5,0,1815,40,53,90,88,146,319,514,293,234,37,1
경상남도 고성군 ,4882000000,50558,2298,4112,3672,3458,6038,8967,10170,6746,4387,694,16,25327,1153,2245,2165,1906,3336,4909,5088,3037,1367,119,2,25231,1145,1867,1507,1552,2702,4058,5082,3709,3020,575,14
경상남도 고성군 고성읍,4882025000,24057,1646,2664,2178,2152,3604,4326,3915,2254,1144,170,4,12052,840,1472,1261,1116,1876,2269,1853,977,359,28,1,12005,806,1192,917,1036,1728,2057,2062,1277,785,142,3
경상남도 고성군 삼산면,4882031000,1764,40,82,74,88,169,285,466,320,210,29,1,907,19,48,52,61,101,165,244,151,61,5,0,857,21,34,22,27,68,120,222,169,149,24,1
경상남도 고성군 하일면,4882032000,1833,23,101,91,81,133,285,456,389,239,35,0,898,12,57,56,45,86,165,218,177,74,8,0,935,11,44,35,36,47,120,238,212,165,27,0
경상남도 고성군 하이면,4882033000,2676,97,175,211,166,288,466,605,380,245,42,1,1371,49,90,130,100,172,238,313,183,88,8,0,1305,48,85,81,66,116,228,292,197,157,34,1
경상남도 고성군 상리면,4882034000,1584,20,67,68,67,122,271,388,315,223,42,1,786,11,38,46,37,73,145,208,143,76,9,0,798,9,29,22,30,49,126,180,172,147,33,1
경상남도 고성군 대가면,4882035000,1639,34,60,66,63,119,284,430,287,244,52,0,832,17,32,34,47,68,169,239,135,75,16,0,807,17,28,32,16,51,115,191,152,169,36,0
경상남도 고성군 영현면,4882036000,855,11,29,42,31,51,106,214,191,158,22,0,382,7,14,21,16,26,62,104,84,46,2,0,473,4,15,21,15,25,44,110,107,112,20,0
경상남도 고성군 영오면,4882037000,1418,40,56,88,69,116,244,339,222,202,41,1,696,14,29,60,41,72,139,178,99,58,6,0,722,26,27,28,28,44,105,161,123,144,35,1
경상남도 고성군 개천면,4882038000,1096,22,69,54,38,76,160,285,173,184,34,1,538,12,36,33,23,50,89,150,78,60,7,0,558,10,33,21,15,26,71,135,95,124,27,1
경상남도 고성군 구만면,4882039000,1019,24,31,48,40,66,168,262,194,155,29,2,515,9,17,31,26,40,101,156,79,50,5,1,504,15,14,17,14,26,67,106,115,105,24,1
경상남도 고성군 회화면,4882040000,3539,139,317,229,213,359,637,799,514,290,42,0,1714,64,160,122,112,185,335,399,241,91,5,0,1825,75,157,107,101,174,302,400,273,199,37,0
경상남도 고성군 마암면,4882041000,1725,17,48,72,58,159,342,411,331,246,39,2,856,8,22,44,37,89,202,222,150,77,5,0,869,9,26,28,21,70,140,189,181,169,34,2
경상남도 고성군 동해면,4882042000,3041,53,140,167,140,254,564,728,553,382,59,1,1569,24,81,102,89,182,341,372,262,110,6,0,1472,29,59,65,51,72,223,356,291,272,53,1
경상남도 고성군 거류면,4882043000,4312,132,273,284,252,522,829,872,623,465,58,2,2211,67,149,173,156,316,489,432,278,142,9,0,2101,65,124,111,96,206,340,440,345,323,49,2
경상남도 남해군 ,4884000000,42309,1507,2858,3042,2310,4360,7118,8612,6623,4950,914,15,20471,780,1576,1872,1203,2321,3862,4245,2932,1517,162,1,21838,727,1282,1170,1107,2039,3256,4367,3691,3433,752,14
경상남도 남해군 남해읍,4884025000,13098,814,1372,1511,1082,1870,2217,2063,1232,800,135,2,6416,401,732,916,529,893,1141,977,549,260,18,0,6682,413,640,595,553,977,1076,1086,683,540,117,2
경상남도 남해군 이동면,4884031000,3646,65,251,185,124,309,625,786,678,523,98,2,1761,32,165,111,69,167,359,386,287,164,20,1,1885,33,86,74,55,142,266,400,391,359,78,1
경상남도 남해군 상주면,4884032000,1630,51,104,91,81,137,293,344,261,228,40,0,803,32,52,64,35,75,172,177,114,76,6,0,827,19,52,27,46,62,121,167,147,152,34,0
경상남도 남해군 삼동면,4884033000,3882,119,186,193,177,376,635,884,695,516,100,1,1885,68,109,117,99,210,356,431,322,155,18,0,1997,51,77,76,78,166,279,453,373,361,82,1
경상남도 남해군 미조면,4884034000,2273,73,164,166,121,221,448,530,340,173,37,0,1171,34,84,113,65,121,245,278,164,61,6,0,1102,39,80,53,56,100,203,252,176,112,31,0
경상남도 남해군 남면,4884035000,3450,52,172,188,123,303,575,712,710,516,94,5,1659,27,95,114,75,179,327,345,329,147,21,0,1791,25,77,74,48,124,248,367,381,369,73,5
경상남도 남해군 서면,4884036000,2565,53,90,104,95,211,399,567,488,481,75,2,1225,32,54,76,55,130,236,276,206,148,12,0,1340,21,36,28,40,81,163,291,282,333,63,2
경상남도 남해군 고현면,4884037000,3504,115,165,182,170,305,566,706,640,527,127,1,1638,61,99,96,91,178,299,343,284,159,28,0,1866,54,66,86,79,127,267,363,356,368,99,1
경상남도 남해군 설천면,4884038000,2788,47,101,146,103,175,442,678,535,460,100,1,1315,24,48,94,57,97,235,350,246,146,18,0,1473,23,53,52,46,78,207,328,289,314,82,1
경상남도 남해군 창선면,4884039000,5473,118,253,276,234,453,918,1342,1044,726,108,1,2598,69,138,171,128,271,492,682,431,201,15,0,2875,49,115,105,106,182,426,660,613,525,93,1
경상남도 하동군 ,4885000000,43530,1646,2692,3033,2548,4568,8063,9347,6312,4507,799,15,21732,860,1460,1810,1394,2554,4431,4866,2792,1396,165,4,21798,786,1232,1223,1154,2014,3632,4481,3520,3111,634,11
경상남도 하동군 하동읍,4885025000,9735,524,848,927,775,1283,1767,1735,1133,646,95,2,4805,273,446,505,404,661,945,861,488,203,19,0,4930,251,402,422,371,622,822,874,645,443,76,2
경상남도 하동군 화개면,4885031000,3047,84,194,201,122,341,698,655,451,252,47,2,1540,44,106,113,65,180,390,351,190,87,13,1,1507,40,88,88,57,161,308,304,261,165,34,1
경상남도 하동군 악양면,4885032000,3483,98,178,184,150,321,693,794,573,413,78,1,1726,60,103,127,82,182,361,417,237,148,9,0,1757,38,75,57,68,139,332,377,336,265,69,1
경상남도 하동군 적량면,4885033000,1919,49,86,112,91,175,336,446,306,278,40,0,943,31,53,66,48,99,187,237,136,73,13,0,976,18,33,46,43,76,149,209,170,205,27,0
경상남도 하동군 횡천면,4885034000,1826,49,67,89,98,132,325,437,297,285,45,2,897,23,34,53,56,86,171,235,145,84,8,2,929,26,33,36,42,46,154,202,152,201,37,0
경상남도 하동군 고전면,4885035000,2192,48,118,127,105,197,371,522,352,285,66,1,1080,26,52,84,63,115,209,272,159,88,12,0,1112,22,66,43,42,82,162,250,193,197,54,1
경상남도 하동군 금남면,4885036000,3386,80,142,214,175,290,635,798,591,390,69,2,1718,42,71,139,116,174,369,405,260,127,15,0,1668,38,71,75,59,116,266,393,331,263,54,2
경상남도 하동군 진교면,4885037000,5928,319,431,446,406,744,1037,1182,727,524,111,1,2935,146,241,270,200,412,543,602,336,157,28,0,2993,173,190,176,206,332,494,580,391,367,83,1
경상남도 하동군 양보면,4885038000,1716,26,61,80,62,128,280,397,347,276,57,2,836,13,27,50,37,78,158,211,159,94,9,0,880,13,34,30,25,50,122,186,188,182,48,2
경상남도 하동군 북천면,4885039000,1685,56,82,74,88,140,269,393,303,241,39,0,825,23,45,44,51,80,163,214,131,66,8,0,860,33,37,30,37,60,106,179,172,175,31,0
경상남도 하동군 청암면,4885040000,1432,53,115,65,69,116,253,398,215,124,24,0,746,31,76,39,37,66,141,211,107,34,4,0,686,22,39,26,32,50,112,187,108,90,20,0
경상남도 하동군 옥종면,4885041000,4210,146,223,233,212,351,827,994,616,512,94,2,2124,81,121,142,117,203,463,537,283,159,17,1,2086,65,102,91,95,148,364,457,333,353,77,1
경상남도 하동군 금성면,4885042000,2971,114,147,281,195,350,572,596,401,281,34,0,1557,67,85,178,118,218,331,313,161,76,10,0,1414,47,62,103,77,132,241,283,240,205,24,0
경상남도 산청군 ,4886000000,34394,1188,2011,2264,1944,3307,6311,7777,5167,3819,591,15,16923,603,1088,1296,1044,1824,3464,4051,2309,1124,118,2,17471,585,923,968,900,1483,2847,3726,2858,2695,473,13
경상남도 산청군 산청읍,4886025000,6726,346,541,602,567,797,1131,1226,847,564,102,3,3263,169,284,339,293,402,593,627,377,160,19,0,3463,177,257,263,274,395,538,599,470,404,83,3
경상남도 산청군 차황면,4886031000,1412,41,38,55,57,101,238,358,262,227,34,1,697,22,27,28,35,57,154,184,120,61,9,0,715,19,11,27,22,44,84,174,142,166,25,1
경상남도 산청군 오부면,4886032000,1059,31,46,39,35,92,163,223,195,200,34,1,508,12,27,21,15,58,103,117,80,69,6,0,551,19,19,18,20,34,60,106,115,131,28,1
경상남도 산청군 생초면,4886033000,1998,42,86,98,75,124,302,474,407,336,53,1,964,28,50,61,45,84,178,243,162,102,10,1,1034,14,36,37,30,40,124,231,245,234,43,0
경상남도 산청군 금서면,4886034000,2871,84,156,150,172,252,529,618,468,373,67,2,1411,49,83,86,91,145,302,324,202,112,17,0,1460,35,73,64,81,107,227,294,266,261,50,2
경상남도 산청군 삼장면,4886035000,1818,25,69,96,63,134,386,471,324,222,27,1,890,16,44,54,39,76,197,245,141,74,4,0,928,9,25,42,24,58,189,226,183,148,23,1
경상남도 산청군 시천면,4886036000,4098,100,274,270,189,433,878,975,561,362,54,2,2047,46,157,152,91,228,483,485,260,127,17,1,2051,54,117,118,98,205,395,490,301,235,37,1
경상남도 산청군 단성면,4886037000,5629,161,201,341,264,512,1125,1450,879,603,90,3,2834,93,103,212,153,302,598,772,412,180,9,0,2795,68,98,129,111,210,527,678,467,423,81,3
경상남도 산청군 신안면,4886038000,5576,290,453,485,398,616,1045,1172,594,463,60,0,2732,138,227,272,209,310,541,626,274,126,9,0,2844,152,226,213,189,306,504,546,320,337,51,0
경상남도 산청군 생비량면,4886039000,1154,33,44,43,55,84,167,311,227,160,30,0,557,14,22,25,32,57,103,160,98,40,6,0,597,19,22,18,23,27,64,151,129,120,24,0
경상남도 산청군 신등면,4886040000,2053,35,103,85,69,162,347,499,403,309,40,1,1020,16,64,46,41,105,212,268,183,73,12,0,1033,19,39,39,28,57,135,231,220,236,28,1
경상남도 함양군 ,4887000000,38415,1712,2811,2911,2442,4141,6739,7728,5369,3930,620,12,18592,868,1470,1660,1251,2253,3639,3888,2235,1204,122,2,19823,844,1341,1251,1191,1888,3100,3840,3134,2726,498,10
경상남도 함양군 함양읍,4887025000,18166,1258,1814,1844,1537,2557,3248,2864,1753,1132,158,1,8837,640,940,1025,759,1297,1705,1356,735,356,24,0,9329,618,874,819,778,1260,1543,1508,1018,776,134,1
경상남도 함양군 마천면,4887031000,2146,41,101,92,89,162,460,540,341,267,52,1,1031,18,59,53,49,98,240,285,138,85,6,0,1115,23,42,39,40,64,220,255,203,182,46,1
경상남도 함양군 휴천면,4887032000,1547,31,56,59,58,129,285,361,305,222,40,1,772,18,26,33,29,79,182,209,124,65,7,0,775,13,30,26,29,50,103,152,181,157,33,1
경상남도 함양군 유림면,4887033000,1600,23,57,82,61,97,256,377,326,274,45,2,758,10,25,56,32,63,137,198,152,75,10,0,842,13,32,26,29,34,119,179,174,199,35,2
경상남도 함양군 수동면,4887034000,2383,49,168,177,140,202,378,546,397,293,33,0,1167,25,94,97,75,127,212,283,160,83,11,0,1216,24,74,80,65,75,166,263,237,210,22,0
경상남도 함양군 지곡면,4887035000,2052,44,103,101,98,165,345,487,367,296,45,1,997,22,49,71,59,92,190,258,152,94,10,0,1055,22,54,30,39,73,155,229,215,202,35,1
경상남도 함양군 안의면,4887036000,4446,129,232,226,209,380,708,1028,807,608,117,2,2100,62,123,136,108,230,388,504,324,199,26,0,2346,67,109,90,101,150,320,524,483,409,91,2
경상남도 함양군 서하면,4887037000,1399,37,45,64,56,94,245,381,235,213,29,0,665,20,25,46,30,55,136,192,88,69,4,0,734,17,20,18,26,39,109,189,147,144,25,0
경상남도 함양군 서상면,4887038000,1807,43,93,93,84,134,300,431,337,251,38,3,848,22,46,47,43,82,157,224,152,63,10,2,959,21,47,46,41,52,143,207,185,188,28,1
경상남도 함양군 백전면,4887039000,1558,35,67,79,61,112,276,414,294,186,34,0,785,21,42,45,36,64,153,222,131,60,11,0,773,14,25,34,25,48,123,192,163,126,23,0
경상남도 함양군 병곡면,4887040000,1311,22,75,94,49,109,238,299,207,188,29,1,632,10,41,51,31,66,139,157,79,55,3,0,679,12,34,43,18,43,99,142,128,133,26,1
경상남도 거창군 ,4888000000,61143,3512,5850,5698,4795,7452,10322,10786,6902,5012,789,25,29992,1837,3148,3372,2495,3795,5396,5301,2874,1587,182,5,31151,1675,2702,2326,2300,3657,4926,5485,4028,3425,607,20
경상남도 거창군 거창읍,4888025000,40622,3088,5006,4659,3915,5992,6875,5787,3206,1822,262,10,20033,1602,2711,2723,1964,2907,3447,2722,1310,587,58,2,20589,1486,2295,1936,1951,3085,3428,3065,1896,1235,204,8
경상남도 거창군 주상면,4888031000,1547,22,60,84,61,91,252,405,265,267,39,1,774,15,35,62,31,63,141,224,108,86,9,0,773,7,25,22,30,28,111,181,157,181,30,1
경상남도 거창군 웅양면,4888032000,1859,38,90,120,64,147,324,395,335,299,46,1,914,21,54,72,34,88,199,191,141,100,14,0,945,17,36,48,30,59,125,204,194,199,32,1
경상남도 거창군 고제면,4888033000,1390,27,40,72,54,94,279,368,227,186,42,1,701,15,22,42,36,55,162,192,104,57,15,1,689,12,18,30,18,39,117,176,123,129,27,0
경상남도 거창군 북상면,4888034000,1524,21,52,67,69,112,261,371,281,247,42,1,754,9,31,38,43,71,149,196,124,81,11,1,770,12,21,29,26,41,112,175,157,166,31,0
경상남도 거창군 위천면,4888035000,1973,45,152,98,87,155,318,473,326,265,53,1,922,27,71,56,42,93,177,232,129,86,9,0,1051,18,81,42,45,62,141,241,197,179,44,1
경상남도 거창군 마리면,4888036000,1975,35,81,104,100,130,331,492,340,315,46,1,944,15,40,62,58,76,194,261,128,98,12,0,1031,20,41,42,42,54,137,231,212,217,34,1
경상남도 거창군 남상면,4888037000,2323,56,72,127,126,156,397,555,411,361,59,3,1142,28,37,85,87,96,215,294,183,106,11,0,1181,28,35,42,39,60,182,261,228,255,48,3
경상남도 거창군 남하면,4888038000,1394,26,44,61,53,104,210,354,257,249,35,1,653,13,20,40,31,61,120,183,111,69,5,0,741,13,24,21,22,43,90,171,146,180,30,1
경상남도 거창군 신원면,4888039000,1493,36,33,55,42,89,222,370,351,252,43,0,728,24,18,41,25,65,126,182,158,76,13,0,765,12,15,14,17,24,96,188,193,176,30,0
경상남도 거창군 가조면,4888040000,3679,87,173,206,186,285,633,857,653,512,84,3,1768,50,85,117,115,167,339,437,280,158,19,1,1911,37,88,89,71,118,294,420,373,354,65,2
경상남도 거창군 가북면,4888041000,1364,31,47,45,38,97,220,359,250,237,38,2,659,18,24,34,29,53,127,187,98,83,6,0,705,13,23,11,9,44,93,172,152,154,32,2
경상남도 합천군 ,4889000000,43007,1453,2303,2802,2357,3997,7233,9602,6999,5515,725,21,20817,748,1211,1630,1313,2264,4046,4897,2934,1629,143,2,22190,705,1092,1172,1044,1733,3187,4705,4065,3886,582,19
경상남도 합천군 합천읍,4889025000,11126,759,1110,1154,954,1613,1950,1752,1062,689,80,3,5438,398,572,636,475,814,1005,848,446,228,15,1,5688,361,538,518,479,799,945,904,616,461,65,2
경상남도 합천군 봉산면,4889031000,1411,20,45,48,47,85,238,403,259,233,32,1,689,11,26,28,24,47,123,233,117,70,10,0,722,9,19,20,23,38,115,170,142,163,22,1
경상남도 합천군 묘산면,4889032000,1547,16,55,61,69,91,227,385,314,283,46,0,748,8,32,37,44,51,132,211,128,99,6,0,799,8,23,24,25,40,95,174,186,184,40,0
경상남도 합천군 가야면,4889033000,4168,87,206,229,203,342,816,1002,724,497,60,2,2026,40,110,134,116,199,466,498,314,136,13,0,2142,47,96,95,87,143,350,504,410,361,47,2
경상남도 합천군 야로면,4889034000,2364,64,108,120,126,205,374,598,376,344,48,1,1123,29,55,71,82,122,205,303,154,94,8,0,1241,35,53,49,44,83,169,295,222,250,40,1
경상남도 합천군 율곡면,4889035000,2239,46,60,142,87,161,359,579,436,321,47,1,1136,25,31,99,58,101,224,305,178,110,5,0,1103,21,29,43,29,60,135,274,258,211,42,1
경상남도 합천군 초계면,4889036000,2381,54,119,164,128,212,381,566,414,292,48,3,1145,28,65,94,84,122,193,276,180,87,16,0,1236,26,54,70,44,90,188,290,234,205,32,3
경상남도 합천군 쌍책면,4889037000,1233,19,25,42,39,72,180,363,252,216,25,0,593,9,8,28,25,55,98,194,111,59,6,0,640,10,17,14,14,17,82,169,141,157,19,0
경상남도 합천군 덕곡면,4889038000,845,12,22,41,23,57,139,204,169,161,17,0,420,7,12,25,13,43,89,103,73,52,3,0,425,5,10,16,10,14,50,101,96,109,14,0
경상남도 합천군 청덕면,4889039000,1606,27,34,78,78,100,246,419,310,268,46,0,776,17,17,43,47,68,149,226,117,86,6,0,830,10,17,35,31,32,97,193,193,182,40,0
경상남도 합천군 적중면,4889040000,1396,29,49,80,58,84,206,328,302,235,23,2,650,11,23,47,36,59,114,162,123,71,3,1,746,18,26,33,22,25,92,166,179,164,20,1
경상남도 합천군 대양면,4889041000,1834,123,89,107,151,191,271,363,269,239,29,2,905,60,53,62,81,115,160,200,102,68,4,0,929,63,36,45,70,76,111,163,167,171,25,2
경상남도 합천군 쌍백면,4889042000,1740,32,44,70,55,87,276,443,357,340,35,1,824,21,22,44,35,61,179,236,129,92,5,0,916,11,22,26,20,26,97,207,228,248,30,1
경상남도 합천군 삼가면,4889043000,3174,81,105,198,109,277,532,737,597,468,70,0,1467,42,57,123,62,155,311,339,252,114,12,0,1707,39,48,75,47,122,221,398,345,354,58,0
경상남도 합천군 가회면,4889044000,1717,20,78,66,56,118,303,397,374,264,41,0,820,8,39,41,33,71,166,212,173,66,11,0,897,12,39,25,23,47,137,185,201,198,30,0
경상남도 합천군 대병면,4889045000,1993,26,88,102,78,136,355,524,336,308,38,2,954,14,52,61,39,72,202,271,144,84,15,0,1039,12,36,41,39,64,153,253,192,224,23,2
경상남도 합천군 용주면,4889046000,2233,38,66,100,96,166,380,539,448,357,40,3,1103,20,37,57,59,109,230,280,193,113,5,0,1130,18,29,43,37,57,150,259,255,244,35,3
제주특별자치도  ,5000000000,676768,58327,70318,81152,81095,111293,114768,84553,45732,25153,4186,191,339256,29981,36750,42963,40759,57059,59653,41981,20863,8581,654,12,337512,28346,33568,38189,40336,54234,55115,42572,24869,16572,3532,179
제주특별자치도 제주시 ,5011000000,493220,44003,52790,62449,61599,81922,82531,58248,30314,16363,2882,119,246637,22593,27553,32864,31029,41573,42385,28853,13758,5569,453,7,246583,21410,25237,29585,30570,40349,40146,29395,16556,10794,2429,112
제주특별자치도 제주시 한림읍,5011025000,21244,1462,1776,2047,2095,3381,3917,3210,1951,1200,193,12,10914,741,982,1151,1093,1813,2206,1653,864,374,36,1,10330,721,794,896,1002,1568,1711,1557,1087,826,157,11
제주특별자치도 제주시 애월읍,5011025300,37579,3469,3556,3589,4420,6524,6574,4776,2642,1698,321,10,19234,1806,1882,1953,2190,3500,3533,2514,1254,558,42,2,18345,1663,1674,1636,2230,3024,3041,2262,1388,1140,279,8
제주특별자치도 제주시 구좌읍,5011025600,15382,832,1149,1302,1519,2333,2827,2420,1573,1201,219,7,7904,448,603,724,785,1367,1633,1231,731,351,30,1,7478,384,546,578,734,966,1194,1189,842,850,189,6
제주특별자치도 제주시 조천읍,5011025900,25493,2172,2224,2622,2996,4129,4456,3486,1974,1211,213,10,13048,1136,1153,1477,1508,2196,2383,1815,914,432,33,1,12445,1036,1071,1145,1488,1933,2073,1671,1060,779,180,9
제주특별자치도 제주시 한경면,5011031000,9281,553,580,730,782,1465,1686,1593,968,769,151,4,4664,281,285,407,371,839,978,809,452,219,23,0,4617,272,295,323,411,626,708,784,516,550,128,4
제주특별자치도 제주시 추자면,5011032000,1606,58,78,94,99,192,297,329,265,161,33,0,860,28,42,46,67,123,193,171,135,51,4,0,746,30,36,48,32,69,104,158,130,110,29,0
제주특별자치도 제주시 우도면,5011033000,1687,85,97,155,156,247,347,267,174,132,27,0,887,45,48,86,88,167,184,160,72,33,4,0,800,40,49,69,68,80,163,107,102,99,23,0
제주특별자치도 제주시 일도1동,5011051000,2421,86,132,218,208,324,467,519,301,139,26,1,1284,44,64,125,125,188,284,267,128,52,7,0,1137,42,68,93,83,136,183,252,173,87,19,1
제주특별자치도 제주시 일도2동,5011052000,32454,2657,3615,4203,3710,4832,5480,4407,2339,1063,142,6,15980,1341,1930,2256,1881,2403,2644,2068,1037,396,23,1,16474,1316,1685,1947,1829,2429,2836,2339,1302,667,119,5
제주특별자치도 제주시 이도1동,5011053000,7564,482,723,1072,903,1023,1307,1083,551,356,59,5,3755,256,375,526,488,538,643,546,248,125,10,0,3809,226,348,546,415,485,664,537,303,231,49,5
제주특별자치도 제주시 이도2동,5011054000,49541,4330,6135,7235,6486,8166,7969,5355,2564,1104,193,4,24252,2245,3137,3679,3252,3934,3899,2501,1185,385,35,0,25289,2085,2998,3556,3234,4232,4070,2854,1379,719,158,4
제주특별자치도 제주시 삼도1동,5011055000,13473,1018,1387,1686,1429,2135,2241,1685,1218,592,79,3,6626,520,683,880,740,1100,1122,792,534,243,12,0,6847,498,704,806,689,1035,1119,893,684,349,67,3
제주특별자치도 제주시 삼도2동,5011056000,7909,469,647,910,939,1152,1411,1265,683,362,67,4,4095,241,356,500,535,621,770,638,286,135,12,1,3814,228,291,410,404,531,641,627,397,227,55,3
제주특별자치도 제주시 용담1동,5011057000,6869,380,594,857,647,1010,1281,1054,655,329,56,6,3535,193,307,481,359,553,686,534,285,129,8,0,3334,187,287,376,288,457,595,520,370,200,48,6
제주특별자치도 제주시 용담2동,5011058000,14468,1004,1369,1771,1544,2104,2460,2160,1311,641,99,5,7347,522,721,967,841,1127,1282,1053,593,232,9,0,7121,482,648,804,703,977,1178,1107,718,409,90,5
제주특별자치도 제주시 건입동,5011059000,8863,611,761,987,931,1246,1500,1522,836,394,72,3,4513,301,418,546,478,652,814,756,389,142,17,0,4350,310,343,441,453,594,686,766,447,252,55,3
제주특별자치도 제주시 화북동,5011060000,24103,2308,2982,3024,2758,3984,4100,2823,1346,660,110,8,11974,1184,1609,1627,1378,2001,1988,1387,582,201,17,0,12129,1124,1373,1397,1380,1983,2112,1436,764,459,93,8
제주특별자치도 제주시 삼양동,5011061000,25805,3497,3266,2809,3670,4908,3538,2310,1111,582,110,4,12933,1781,1727,1495,1807,2484,1778,1135,498,212,16,0,12872,1716,1539,1314,1863,2424,1760,1175,613,370,94,4
제주특별자치도 제주시 봉개동,5011062000,5238,514,450,624,761,824,803,633,347,231,49,2,2709,281,236,341,391,431,442,334,158,86,9,0,2529,233,214,283,370,393,361,299,189,145,40,2
제주특별자치도 제주시 아라동,5011063000,38591,4537,4479,5546,5938,6881,5650,3270,1438,695,151,6,19061,2309,2155,2734,2925,3440,2931,1640,677,229,21,0,19530,2228,2324,2812,3013,3441,2719,1630,761,466,130,6
제주특별자치도 제주시 오라동,5011064000,15881,2147,1746,1841,2486,2871,2326,1428,638,327,68,3,8012,1071,941,1013,1198,1481,1174,720,283,120,11,0,7869,1076,805,828,1288,1390,1152,708,355,207,57,3
제주특별자치도 제주시 연동,5011065000,42230,2944,4115,7209,6135,7037,7132,4763,1988,769,133,5,20680,1494,2179,3586,3146,3362,3419,2278,897,290,29,0,21550,1450,1936,3623,2989,3675,3713,2485,1091,479,104,5
제주특별자치도 제주시 노형동,5011066000,55471,4981,7276,8449,6870,9611,9935,5086,2129,958,172,4,27161,2593,3800,4415,3348,4396,4850,2440,970,324,25,0,28310,2388,3476,4034,3522,5215,5085,2646,1159,634,147,4
제주특별자치도 제주시 외도동,5011067000,22260,2744,2933,2530,3081,4294,3422,1796,880,482,94,4,11101,1392,1556,1333,1485,2127,1779,882,396,138,13,0,11159,1352,1377,1197,1596,2167,1643,914,484,344,81,4
제주특별자치도 제주시 이호동,5011068000,4488,366,385,572,592,685,810,608,265,187,17,1,2351,188,205,312,320,396,433,310,112,72,3,0,2137,178,180,260,272,289,377,298,153,115,14,1
제주특별자치도 제주시 도두동,5011069000,3319,297,335,367,444,564,595,400,167,120,28,2,1757,152,159,204,230,334,337,219,78,40,4,0,1562,145,176,163,214,230,258,181,89,80,24,2
제주특별자치도 서귀포시 ,5013000000,183548,14324,17528,18703,19496,29371,32237,26305,15418,8790,1304,72,92619,7388,9197,10099,9730,15486,17268,13128,7105,3012,201,5,90929,6936,8331,8604,9766,13885,14969,13177,8313,5778,1103,67
제주특별자치도 서귀포시 대정읍,5013025000,22189,1888,2642,1795,1989,4055,3645,2910,1851,1218,184,12,10770,992,1363,965,885,1917,1940,1431,839,407,30,1,11419,896,1279,830,1104,2138,1705,1479,1012,811,154,11
제주특별자치도 서귀포시 남원읍,5013025300,18635,1070,1482,1869,1551,2604,3649,3009,1917,1306,170,8,9638,575,805,1062,812,1447,2017,1541,875,473,31,0,8997,495,677,807,739,1157,1632,1468,1042,833,139,8
제주특별자치도 서귀포시 성산읍,5013025900,15498,888,1054,1368,1429,2060,3138,2859,1558,958,176,10,8131,468,561,743,778,1198,1759,1542,746,312,24,0,7367,420,493,625,651,862,1379,1317,812,646,152,10
제주특별자치도 서귀포시 안덕면,5013031000,12217,849,995,1376,1299,1895,2249,1713,1051,665,118,7,6337,433,541,768,682,1026,1279,881,507,208,11,1,5880,416,454,608,617,869,970,832,544,457,107,6
제주특별자치도 서귀포시 표선면,5013032000,12386,796,987,1202,1059,1904,2404,2082,1188,677,82,5,6320,416,544,674,519,1043,1293,1039,557,227,8,0,6066,380,443,528,540,861,1111,1043,631,450,74,5
제주특별자치도 서귀포시 송산동,5013051000,3994,214,315,409,362,543,751,671,478,220,29,2,2114,115,172,230,198,329,420,341,228,77,4,0,1880,99,143,179,164,214,331,330,250,143,25,2
제주특별자치도 서귀포시 정방동,5013052000,2132,104,127,176,211,324,418,433,220,100,19,0,1085,54,82,90,120,174,222,202,101,38,2,0,1047,50,45,86,91,150,196,231,119,62,17,0
제주특별자치도 서귀포시 중앙동,5013053000,3313,158,209,322,251,424,662,693,382,194,17,1,1582,78,111,180,132,236,327,289,150,76,3,0,1731,80,98,142,119,188,335,404,232,118,14,1
제주특별자치도 서귀포시 천지동,5013054000,3452,151,231,346,345,486,698,633,365,174,22,1,1744,79,126,189,183,261,380,300,157,64,4,1,1708,72,105,157,162,225,318,333,208,110,18,0
제주특별자치도 서귀포시 효돈동,5013055000,5315,380,414,540,552,731,898,853,549,351,45,2,2678,180,221,268,289,411,492,434,252,124,7,0,2637,200,193,272,263,320,406,419,297,227,38,2
제주특별자치도 서귀포시 영천동,5013056000,5200,281,439,571,442,702,995,795,560,344,66,5,2635,128,219,329,221,391,541,410,262,123,11,0,2565,153,220,242,221,311,454,385,298,221,55,5
제주특별자치도 서귀포시 동홍동,5013057000,23113,1976,3118,2728,2338,3904,4034,2836,1467,621,88,3,11243,974,1596,1450,1149,1907,1990,1307,638,211,20,1,11870,1002,1522,1278,1189,1997,2044,1529,829,410,68,2
제주특별자치도 서귀포시 서홍동,5013058000,11061,1213,1449,1242,1241,2014,1649,1198,705,302,44,4,5466,598,721,666,572,1014,865,582,329,107,11,1,5595,615,728,576,669,1000,784,616,376,195,33,3
제주특별자치도 서귀포시 대륜동,5013059000,15278,1561,1379,1486,2231,2679,2346,1964,1069,486,72,5,7732,830,747,792,1107,1432,1197,950,490,176,11,0,7546,731,632,694,1124,1247,1149,1014,579,310,61,5
제주특별자치도 서귀포시 대천동,5013060000,13884,1605,1268,1425,2111,2482,2067,1574,874,413,62,3,7045,848,672,741,998,1334,1101,791,418,134,8,0,6839,757,596,684,1113,1148,966,783,456,279,54,3
제주특별자치도 서귀포시 중문동,5013061000,11945,967,1166,1383,1636,2026,1946,1423,823,507,64,4,6077,498,594,716,843,1066,1052,738,388,171,11,0,5868,469,572,667,793,960,894,685,435,336,53,4
제주특별자치도 서귀포시 예래동,5013062000,3936,223,253,465,449,538,688,659,361,254,46,0,2022,122,122,236,242,300,393,350,168,84,5,0,1914,101,131,229,207,238,295,309,193,170,41,0
